Laberinto:
X X X X X X X X X X X X X X X X X X X X X X X X X X X X X X X X X X X X X X X X X X X X X X X X X X
E 0 0 0 X 0 0 0 X 0 X 0 0 0 0 0 0 0 0 X 0 X 0 0 X 0 0 0 X 0 X 0 0 0 0 0 0 0 0 0 0 0 0 0 X 0 0 0 0 X
X 0 0 0 0 0 0 0 0 X 0 0 0 0 0 0 0 0 0 0 0 0 0 0 0 0 0 X 0 0 0 0 0 0 0 X X 0 0 0 0 0 0 X 0 0 0 X 0 X
X 0 0 X 0 0 0 0 0 0 0 0 0 0 0 0 0 0 0 0 0 X 0 X 0 X 0 0 0 0 0 0 X 0 X 0 0 0 X 0 X 0 X 0 0 X 0 0 0 X
X 0 0 0 0 0 0 0 0 0 0 0 0 X 0 X 0 0 0 0 0 0 X X X 0 0 0 0 0 0 0 0 X X 0 0 0 0 0 0 0 X 0 0 0 0 0 0 X
X 0 0 0 0 0 0 0 X 0 0 0 0 0 0 0 X 0 0 0 0 0 X 0 X 0 0 0 0 X 0 0 0 0 0 X 0 0 0 0 0 0 0 0 0 0 X 0 0 X
X X 0 X 0 0 X 0 0 X 0 X 0 0 0 X 0 0 0 0 0 0 0 X 0 0 X 0 0 0 0 0 0 0 0 0 0 0 0 0 0 0 0 0 0 0 0 0 0 X
X 0 0 0 0 X 0 0 X X 0 X 0 0 X 0 X X 0 0 0 0 0 0 0 0 X X 0 X 0 0 0 X 0 0 0 0 0 0 0 0 0 0 0 0 X 0 0 X
X X 0 0 0 0 X X 0 X 0 X X 0 0 0 0 0 0 0 0 0 0 0 0 0 X X 0 X 0 X 0 0 0 0 0 0 0 0 0 0 X 0 0 0 X 0 X X
X 0 0 0 0 0 0 0 0 0 0 X 0 0 0 X 0 0 X 0 0 0 0 0 X 0 0 0 0 0 0 0 0 0 0 0 0 0 0 0 X 0 0 0 0 X 0 0 X X
X X 0 0 0 X X 0 0 0 0 0 0 0 0 0 0 0 0 0 0 0 0 X 0 0 0 0 0 X 0 0 0 0 0 0 0 X 0 X X 0 X 0 0 0 0 X 0 X
X 0 0 0 0 X 0 0 0 0 0 0 0 0 0 0 0 0 X 0 0 X 0 0 X 0 X 0 0 X 0 0 0 0 0 0 0 0 0 0 0 0 0 0 X 0 0 0 0 X
X 0 0 0 0 X 0 0 0 0 0 0 0 X 0 X X 0 X 0 0 0 0 0 0 0 0 0 0 0 0 0 0 X 0 X 0 0 0 0 0 0 X 0 0 0 0 0 X X
X 0 0 0 X 0 X 0 0 0 0 0 0 X X X X 0 0 X 0 0 0 0 0 0 0 0 0 0 0 0 X 0 0 0 0 X X X 0 0 0 0 0 0 X 0 0 X
X 0 0 0 0 0 0 0 X X 0 X 0 0 0 0 0 0 0 0 0 0 X 0 0 0 0 0 0 0 X 0 0 0 0 0 X 0 0 0 0 0 X 0 0 0 0 0 X X
X X 0 0 0 0 X X X X 0 0 0 0 0 0 0 0 0 0 X 0 0 0 0 0 0 X 0 0 0 0 0 X 0 0 0 0 0 0 0 0 0 0 X 0 X 0 0 X
X 0 0 0 0 0 0 0 0 0 0 0 0 0 0 0 0 0 0 0 X 0 0 0 0 0 0 0 0 0 0 0 0 0 0 0 0 0 0 0 0 0 0 0 X 0 0 0 0 X
X X X 0 0 0 X 0 X 0 0 X 0 0 0 0 X 0 X X X X 0 0 0 0 0 X 0 0 0 0 0 0 0 0 0 0 0 0 0 0 0 0 X X 0 0 0 X
X X 0 X 0 X 0 0 0 X 0 0 0 X 0 0 X 0 0 0 0 0 0 0 X 0 0 X 0 0 X 0 0 X 0 X 0 X 0 X 0 X 0 0 0 0 0 0 0 X
X 0 0 0 0 0 0 0 0 X 0 0 0 0 0 0 0 0 0 0 0 X 0 X X 0 0 0 0 X 0 0 0 0 0 0 0 0 0 X 0 0 X 0 0 0 0 0 X X
X X 0 0 0 0 0 0 0 X 0 X 0 0 0 0 0 0 0 0 0 0 0 0 0 0 X 0 X X 0 0 0 0 0 0 X 0 X 0 0 0 X 0 X 0 0 0 0 X
X 0 X 0 0 X 0 0 X 0 0 0 X 0 0 0 0 0 0 X 0 0 0 0 0 X 0 X 0 0 0 0 0 0 0 0 X 0 0 X X 0 X 0 0 0 X 0 0 X
X 0 0 X 0 X 0 0 0 0 0 0 0 X X 0 0 0 0 0 0 0 X 0 0 0 X X 0 0 X 0 0 0 X 0 0 0 0 0 0 0 0 0 0 0 0 X 0 X
X 0 0 X 0 0 X 0 X 0 0 0 0 0 0 0 0 0 X 0 0 0 0 0 0 0 0 0 0 0 X 0 X 0 0 X 0 X X 0 X 0 0 0 0 0 0 0 0 X
X X 0 X 0 0 0 0 0 0 0 0 0 0 0 0 0 0 X 0 0 X X 0 0 0 0 X 0 0 0 0 0 0 0 X 0 0 0 0 X 0 0 X X X 0 0 0 X
X 0 X 0 0 0 0 0 0 X 0 0 0 0 0 0 0 0 0 0 0 0 0 0 0 0 0 0 0 0 X 0 0 0 0 0 0 0 X X 0 0 X 0 0 X X 0 0 X
X 0 X 0 0 0 0 0 0 X 0 0 0 X 0 X 0 0 X 0 X 0 X 0 0 0 0 0 0 0 0 X 0 0 X 0 0 X 0 X 0 0 0 X 0 X X X 0 X
X 0 0 0 0 X 0 0 0 0 X 0 0 0 0 0 0 0 0 0 0 0 0 X X X 0 0 X 0 0 0 0 X X 0 X 0 0 0 0 X 0 0 0 0 X 0 X X
X 0 X X 0 0 0 0 0 X 0 0 0 0 0 0 0 0 X 0 0 X 0 0 0 0 0 0 0 0 0 0 0 0 0 0 X 0 0 0 X 0 X 0 0 0 0 0 0 X
X 0 0 0 0 0 0 0 0 0 0 X 0 0 X 0 0 0 0 0 0 0 0 0 0 0 0 0 0 0 X X 0 0 0 0 0 0 0 0 0 0 0 0 0 X X 0 0 X
X 0 0 X 0 0 0 0 X 0 0 0 0 0 0 0 X 0 0 0 0 X 0 0 0 0 0 0 0 0 0 0 0 0 0 0 X 0 0 X X 0 0 0 0 X 0 0 X X
X 0 0 0 X 0 0 0 0 0 X 0 X 0 0 0 0 0 0 0 X 0 0 0 0 0 0 0 0 0 0 0 X 0 0 0 0 0 X 0 X 0 0 X 0 0 0 0 0 X
X 0 X 0 0 0 X 0 0 0 0 0 0 0 X 0 0 0 0 0 X 0 0 0 0 0 0 0 X 0 X 0 0 0 0 0 X 0 X 0 0 0 0 0 0 0 X 0 0 X
X 0 0 0 0 X 0 X 0 0 0 0 0 X 0 0 0 X 0 0 X X 0 0 0 0 0 0 X 0 0 0 0 0 0 X 0 0 0 0 0 X 0 0 X X 0 0 0 X
X 0 0 X 0 0 0 0 X 0 0 0 0 0 0 0 0 0 X 0 0 X 0 0 0 X 0 0 0 0 0 0 X 0 X X 0 0 0 0 0 X X X X X 0 0 0 X
X X 0 X 0 0 0 0 0 0 0 0 0 0 X X 0 0 0 X X 0 X 0 0 0 0 0 0 0 0 0 0 X X X 0 X 0 0 0 0 0 0 0 0 0 0 X X
X X 0 0 X 0 X 0 0 X 0 0 0 X 0 X 0 0 0 X 0 0 0 0 0 0 0 0 0 0 X 0 0 0 0 X 0 0 0 0 0 0 0 0 X 0 0 0 X X
X 0 X 0 0 0 0 0 0 0 0 0 0 X 0 X 0 0 0 0 0 0 0 0 0 X X X 0 0 0 0 0 X X 0 0 X 0 0 0 0 0 X 0 0 0 0 0 X
X 0 0 X 0 0 0 0 0 0 0 0 0 0 0 X 0 0 0 0 0 0 0 0 0 0 X X 0 0 0 0 0 0 X 0 0 0 0 0 X 0 0 0 0 0 0 X 0 X
X X 0 0 0 X 0 0 X 0 0 0 0 0 0 X 0 0 0 0 X 0 0 0 0 0 0 0 X 0 0 0 0 X 0 X 0 X 0 0 0 0 0 0 X 0 X X X X
X X X 0 0 0 0 0 X 0 0 0 0 0 0 0 0 0 0 X 0 X X X X 0 0 0 0 0 X 0 X 0 0 0 0 0 0 0 X 0 0 X 0 0 0 0 0 X
X 0 0 0 0 0 0 0 X 0 0 X 0 X X X 0 0 0 0 0 X 0 X X 0 0 0 0 X 0 0 0 0 0 0 0 0 X 0 0 0 X 0 0 X 0 0 X X
X X X 0 0 0 0 0 X 0 0 X 0 0 0 0 0 0 0 0 0 0 0 0 0 0 0 0 0 0 X 0 0 0 0 0 0 0 0 0 0 0 0 0 0 0 X X 0 X
X 0 0 0 0 X 0 0 0 0 0 0 0 0 0 0 0 X X 0 X 0 0 X 0 0 0 0 0 0 0 X X 0 0 0 0 0 0 X 0 0 X 0 0 0 0 X 0 X
X 0 0 0 0 X 0 0 X 0 0 X 0 X 0 X 0 X 0 0 X 0 X 0 0 X X 0 0 0 X 0 0 X X 0 0 0 X 0 0 0 0 0 X 0 X X 0 X
X X X 0 0 X 0 0 0 0 0 0 X 0 0 0 X X 0 0 0 0 0 0 X 0 X X 0 X X 0 0 X X 0 0 X 0 0 0 X 0 0 X 0 0 0 X X
X X 0 0 X 0 0 0 0 0 0 0 0 X 0 X 0 0 0 0 0 0 0 0 0 0 0 X 0 0 0 X 0 X 0 0 0 X 0 0 X 0 0 0 0 0 0 0 0 X
X 0 0 0 0 0 0 0 0 0 X 0 X 0 0 0 X X 0 0 0 0 0 0 0 0 X X 0 X 0 X 0 0 X 0 0 0 0 X 0 0 X 0 0 X 0 X 0 X
X 0 0 0 0 0 0 X 0 0 0 X 0 X 0 0 0 0 0 0 X 0 0 0 0 0 0 0 X 0 0 0 0 0 0 0 X 0 0 0 0 0 0 0 0 0 0 0 0 0
X X X X X X X X X X X X X X X X X X X X X X X X X X X X X X X X X X X X X X X X X X X X X X X X S X
Camino encontrado: (1, 0) -> (1, 1) -> (1, 2) -> (1, 3) -> (2, 3) -> (2, 4) -> (2, 5) -> (2, 6) -> (2, 7) -> (2, 8) -> (3, 8) -> (4, 8) -> (4, 9) -> (4, 10) -> (4, 11) -> (4, 12) -> (3, 12) -> (2, 12) -> (1, 12) -> (1, 13) -> (1, 14) -> (1, 15) -> (1, 16) -> (1, 17) -> (1, 18) -> (2, 18) -> (3, 18) -> (4, 18) -> (5, 18) -> (6, 18) -> (7, 18) -> (8, 18) -> (8, 19) -> (8, 20) -> (8, 21) -> (8, 22) -> (8, 23) -> (8, 24) -> (8, 25) -> (7, 25) -> (6, 25) -> (5, 25) -> (4, 25) -> (4, 26) -> (4, 27) -> (4, 28) -> (4, 29) -> (4, 30) -> (4, 31) -> (4, 32) -> (5, 32) -> (6, 32) -> (7, 32) -> (8, 32) -> (9, 32) -> (10, 32) -> (11, 32) -> (12, 32) -> (12, 31) -> (12, 30) -> (12, 29) -> (12, 28) -> (12, 27) -> (12, 26) -> (12, 25) -> (12, 24) -> (12, 23) -> (12, 22) -> (12, 21) -> (12, 20) -> (12, 19) -> (11, 19) -> (10, 19) -> (10, 18) -> (10, 17) -> (10, 16) -> (10, 15) -> (10, 14) -> (10, 13) -> (10, 12) -> (10, 11) -> (10, 10) -> (10, 9) -> (10, 8) -> (10, 7) -> (11, 7) -> (12, 7) -> (13, 7) -> (14, 7) -> (14, 6) -> (14, 5) -> (14, 4) -> (14, 3) -> (14, 2) -> (15, 2) -> (16, 2) -> (16, 3) -> (16, 4) -> (16, 5) -> (16, 6) -> (16, 7) -> (16, 8) -> (16, 9) -> (16, 10) -> (16, 11) -> (16, 12) -> (16, 13) -> (16, 14) -> (16, 15) -> (16, 16) -> (16, 17) -> (16, 18) -> (16, 19) -> (15, 19) -> (14, 19) -> (14, 20) -> (14, 21) -> (13, 21) -> (13, 22) -> (13, 23) -> (13, 24) -> (13, 25) -> (13, 26) -> (13, 27) -> (13, 28) -> (13, 29) -> (13, 30) -> (13, 31) -> (14, 31) -> (15, 31) -> (16, 31) -> (17, 31) -> (18, 31) -> (19, 31) -> (20, 31) -> (21, 31) -> (22, 31) -> (23, 31) -> (24, 31) -> (25, 31) -> (25, 32) -> (25, 33) -> (25, 34) -> (25, 35) -> (25, 36) -> (25, 37) -> (24, 37) -> (24, 36) -> (23, 36) -> (22, 36) -> (22, 35) -> (21, 35) -> (20, 35) -> (19, 35) -> (19, 34) -> (19, 33) -> (19, 32) -> (18, 32) -> (17, 32) -> (16, 32) -> (15, 32) -> (14, 32) -> (14, 33) -> (14, 34) -> (14, 35) -> (13, 35) -> (13, 34) -> (12, 34) -> (11, 34) -> (10, 34) -> (9, 34) -> (8, 34) -> (7, 34) -> (6, 34) -> (6, 35) -> (6, 36) -> (6, 37) -> (6, 38) -> (6, 39) -> (6, 40) -> (6, 41) -> (6, 42) -> (6, 43) -> (6, 44) -> (6, 45) -> (6, 46) -> (6, 47) -> (6, 48) -> (7, 48) -> (7, 47) -> (8, 47) -> (9, 47) -> (9, 46) -> (10, 46) -> (11, 46) -> (12, 46) -> (12, 47) -> (13, 47) -> (14, 47) -> (15, 47) -> (16, 47) -> (17, 47) -> (18, 47) -> (19, 47) -> (20, 47) -> (21, 47) -> (21, 48) -> (22, 48) -> (23, 48) -> (24, 48) -> (25, 48) -> (25, 47) -> (24, 47) -> (23, 47) -> (23, 46) -> (23, 45) -> (23, 44) -> (23, 43) -> (23, 42) -> (23, 41) -> (24, 41) -> (25, 41) -> (26, 41) -> (26, 42) -> (27, 42) -> (27, 43) -> (27, 44) -> (27, 45) -> (28, 45) -> (28, 46) -> (28, 47) -> (28, 48) -> (29, 48) -> (29, 47) -> (30, 47) -> (31, 47) -> (32, 47) -> (33, 47) -> (34, 47) -> (35, 47) -> (36, 47) -> (37, 47) -> (37, 46) -> (37, 45) -> (37, 44) -> (38, 44) -> (38, 45) -> (39, 45) -> (40, 45) -> (40, 44) -> (41, 44) -> (42, 44) -> (43, 44) -> (43, 45) -> (44, 45) -> (45, 45) -> (46, 45) -> (46, 46) -> (46, 47) -> (46, 48) -> (47, 48) -> (48, 48) -> (49, 48)
Tiempo de ejecución: 1.1649 milisegundos
