Laberinto:
X X X X X X X X X X X X X X X X X X X X X X X X X X X X X X X X X X X X X X X X X X X X X X X X X X X X X X X X X X X X X X X X X X X X X X X X X X X X X X X X X X X X X X X X X X X X X X X X X X X X X X X X X X X X X X X X X X X X X X X X X X X X X X X X X X X X X X X X X X X X X X X X X X X X X X X X X X X X X X X X X X X X X X X X X X X X X X X X X X X X X X X X X X X X X X X X X X X X X X X X
E 0 0 0 0 X 0 0 X 0 0 0 0 0 0 0 0 0 0 X 0 0 0 0 X 0 0 0 0 0 X 0 X 0 0 0 0 0 0 0 X 0 0 0 0 0 0 0 0 0 X 0 0 0 0 X 0 0 0 0 0 0 X 0 0 0 0 0 0 0 0 0 0 0 0 0 0 0 0 0 0 0 0 X 0 0 0 0 0 0 X 0 0 X 0 0 X 0 0 0 0 0 0 0 0 0 0 0 0 0 0 0 0 0 0 0 0 0 0 0 0 0 0 X 0 0 0 X X 0 X 0 X 0 0 0 X 0 0 0 0 0 0 0 0 0 0 0 X 0 0 0 0 0 0 X X X 0 0 X 0 0 X 0 0 0 0 0 0 X X 0 X 0 0 0 0 0 0 X 0 0 0 0 0 0 0 0 X 0 0 0 0 0 0 0 0 X X
X 0 0 0 X 0 0 0 0 0 0 0 X 0 0 0 0 0 0 0 0 0 0 X 0 0 0 0 0 0 0 X 0 0 0 0 0 0 X 0 0 0 0 0 X X X 0 0 0 0 0 0 0 0 0 0 X 0 0 0 0 0 0 0 0 X 0 0 X 0 0 0 0 0 0 0 0 X 0 0 0 0 0 0 0 0 X 0 0 0 0 0 X 0 0 0 0 0 X 0 X 0 0 X 0 0 X X 0 X 0 0 0 0 0 X 0 X 0 X 0 X 0 0 X 0 0 X 0 X 0 0 0 0 X 0 X X 0 0 0 0 X 0 0 X 0 X X 0 0 0 0 0 0 0 0 0 0 0 X 0 0 0 X 0 0 X 0 0 0 0 0 0 0 X 0 0 0 X 0 0 0 0 0 X 0 0 0 0 0 X 0 0 0 0 0 0 X
X X X 0 0 0 0 0 0 0 0 0 0 0 0 X 0 0 0 0 0 0 0 X 0 0 0 0 0 0 0 0 0 0 0 0 0 0 0 0 0 0 X X 0 0 X X 0 0 0 X 0 0 0 0 0 0 0 0 0 0 0 0 0 0 0 0 0 0 0 0 0 0 0 0 0 0 0 X X 0 0 0 0 0 0 0 0 0 0 0 X 0 0 X 0 0 0 0 0 0 X X 0 0 0 X 0 0 0 X X 0 0 0 0 0 X 0 0 0 0 0 0 0 0 0 0 0 0 X 0 0 0 0 X 0 0 X 0 0 0 0 0 0 0 X 0 0 0 0 0 X 0 X X X 0 X 0 0 0 0 X 0 0 0 X X 0 0 X 0 X 0 X 0 0 X 0 0 0 X 0 0 X X 0 0 0 0 0 X 0 0 0 0 0 X
X 0 0 X 0 0 X X X 0 X 0 0 0 0 0 0 0 0 0 0 0 0 0 0 0 0 0 0 0 0 0 0 0 0 0 0 0 0 X 0 0 0 0 0 0 0 0 0 0 0 0 0 0 0 0 0 X 0 0 0 0 0 0 X X 0 X 0 0 X 0 0 X X 0 0 0 0 0 0 0 0 0 0 X 0 0 0 0 X 0 0 0 X 0 0 X 0 0 0 0 0 0 0 X 0 0 0 0 0 0 0 X X 0 0 0 X 0 X 0 0 0 0 X 0 X X 0 0 0 0 0 X X 0 0 0 X 0 0 X 0 0 X X X 0 X 0 0 0 0 0 0 X X X 0 X 0 X 0 0 0 0 0 0 0 0 X 0 0 0 0 0 X 0 0 X X 0 0 0 X 0 0 0 0 0 0 0 0 X 0 0 X X X
X 0 0 0 X 0 0 X 0 0 X 0 X X 0 0 0 X 0 0 0 0 0 0 0 0 0 X 0 0 0 0 0 0 0 X 0 X 0 X 0 X 0 X X X 0 0 0 0 0 0 X 0 0 X 0 0 X 0 0 X 0 0 0 X X 0 X 0 0 0 0 0 0 X 0 0 0 X 0 0 0 0 0 X 0 0 0 0 0 0 0 0 0 X X 0 0 0 0 0 0 0 0 0 0 0 0 0 0 X X X X 0 0 X 0 0 0 0 X 0 0 0 0 0 0 0 0 0 0 0 0 0 0 0 0 0 X 0 0 X 0 0 0 0 0 0 0 0 X 0 0 0 0 0 X 0 0 0 0 0 0 0 0 0 0 0 0 0 0 0 0 X X 0 X X X X X 0 0 0 X 0 0 0 0 0 0 0 0 X 0 0 X X
X 0 0 0 0 X 0 0 0 0 0 0 0 0 0 0 0 0 0 X 0 0 0 0 0 0 X 0 0 0 X 0 0 0 X X X 0 0 0 X 0 0 0 0 0 0 X 0 0 0 0 0 0 0 0 0 0 0 0 X X X 0 0 0 X 0 0 0 0 0 0 0 0 0 X 0 0 X X 0 0 0 0 0 0 0 0 0 0 0 0 0 0 0 X 0 0 0 X 0 0 X 0 X 0 X X 0 0 0 0 0 0 0 0 0 X 0 0 0 0 X 0 0 0 X 0 0 0 0 0 0 0 0 0 0 0 X 0 0 X 0 0 0 0 X 0 0 0 X 0 0 0 X 0 0 0 X 0 0 0 0 0 0 0 X 0 0 0 0 0 0 0 0 0 0 X X 0 0 0 X X 0 0 0 0 0 0 0 X 0 0 0 0 0 0 X
X 0 0 0 0 0 0 0 X X 0 0 0 0 0 0 0 0 0 0 0 0 0 0 0 0 X 0 0 0 0 0 X 0 X 0 X 0 0 0 0 0 0 0 0 0 0 0 0 0 0 X 0 0 0 0 0 X 0 0 0 0 X 0 0 0 0 0 0 0 0 0 0 X 0 0 X 0 0 0 X X X X 0 0 0 0 0 X 0 X 0 0 0 0 0 0 X 0 0 0 X 0 0 0 0 0 0 X 0 0 0 X X 0 0 X 0 0 X X 0 X 0 0 0 0 0 0 0 X 0 X X 0 0 0 0 0 0 X 0 0 X 0 0 0 0 0 0 0 0 0 0 0 0 0 0 0 X X 0 X X 0 0 0 0 0 0 0 0 0 0 0 0 0 X 0 0 0 0 0 0 0 0 0 0 0 0 0 X 0 0 0 0 0 X X
X 0 0 0 X 0 0 X 0 0 X 0 0 0 0 0 0 0 0 0 0 X 0 0 X 0 0 0 X 0 0 0 0 0 0 0 0 0 0 X 0 X 0 0 0 0 0 X 0 0 0 X X X 0 0 X 0 0 X 0 0 0 X 0 X X 0 0 0 0 X 0 0 0 0 0 0 0 0 X 0 0 0 0 0 X 0 0 0 0 0 0 0 0 0 0 0 0 0 X 0 0 0 X 0 0 0 X 0 X 0 0 X X X X 0 0 0 0 0 0 0 0 0 0 X 0 0 0 0 0 0 0 X 0 0 0 0 0 0 0 0 X 0 0 0 0 X X 0 0 0 0 0 X 0 0 X 0 X 0 0 0 0 0 0 X 0 0 0 0 0 0 X 0 0 0 0 X 0 0 0 0 X 0 0 0 0 0 0 0 0 0 0 X 0 X X
X 0 X 0 0 0 0 X 0 0 0 0 0 X X 0 0 0 0 0 0 0 0 X 0 0 0 X X 0 0 X X 0 0 0 0 X 0 0 0 0 0 X 0 X 0 0 0 X 0 0 0 0 0 0 0 0 0 0 0 X X 0 0 0 X 0 X 0 0 0 0 0 X 0 0 0 X X 0 0 0 0 0 X 0 0 X 0 0 0 0 0 0 0 0 0 0 0 0 0 0 0 0 0 0 0 X X X X 0 0 0 0 0 0 0 0 0 0 X 0 X 0 0 0 0 X 0 0 0 0 0 0 0 0 0 0 0 X 0 X 0 0 0 0 0 X 0 X 0 0 0 0 X 0 0 X X X X 0 0 0 0 0 0 X 0 0 0 0 0 0 0 0 X 0 X 0 0 X 0 X 0 0 0 0 0 0 0 X 0 X X 0 X X
X 0 0 0 0 0 0 X X 0 0 0 0 X 0 X 0 0 X 0 0 0 0 0 0 0 0 0 0 X 0 0 0 0 0 0 0 0 0 0 0 0 0 0 0 X 0 0 X 0 X X 0 0 0 0 X 0 0 0 0 0 0 0 0 0 0 0 0 0 0 0 0 X 0 0 0 0 0 X 0 0 0 0 0 X 0 X 0 0 0 0 X X 0 X 0 0 0 0 0 0 X X 0 0 0 X 0 X 0 X 0 0 0 X 0 X 0 0 0 0 0 0 0 0 0 0 0 X 0 0 X 0 0 X 0 0 X 0 0 0 X X 0 0 0 0 0 0 0 0 0 0 0 0 0 0 0 0 0 X 0 0 0 0 0 0 0 X 0 0 0 0 0 0 X X 0 0 0 0 0 X X 0 0 0 0 X X X X 0 0 0 0 0 0 X
X 0 0 X 0 0 0 X X 0 0 X 0 X 0 0 0 0 0 X 0 0 0 0 0 X 0 X 0 0 0 X 0 0 0 0 0 X X 0 X 0 0 X 0 0 0 0 0 0 0 0 X 0 0 0 0 0 0 0 0 0 0 0 X 0 0 0 X X 0 0 0 X 0 0 0 0 0 0 0 0 0 0 0 0 X 0 0 0 0 0 X 0 0 0 0 0 0 0 X 0 0 0 0 0 0 0 0 0 X X 0 0 0 0 0 X 0 0 0 X 0 0 0 0 X 0 0 X 0 X 0 X 0 0 X 0 0 X 0 0 0 X 0 0 0 0 0 X 0 0 0 X 0 0 X 0 0 0 X 0 0 0 0 0 0 0 0 0 0 0 0 0 0 0 0 0 0 0 X 0 0 0 0 0 0 0 0 0 0 0 0 0 0 X 0 0 0 X
X 0 0 0 0 0 X 0 X 0 X 0 0 0 0 X X 0 0 X X 0 0 0 0 X 0 0 0 0 0 0 0 0 0 0 0 0 X X 0 0 X X 0 0 X 0 0 0 0 X 0 X 0 X X 0 0 0 0 0 0 0 X X X X X 0 0 X 0 0 X 0 0 X X 0 0 0 0 0 0 0 0 0 X X 0 0 0 0 0 X 0 0 0 X 0 0 X 0 X 0 0 0 0 0 0 X 0 0 0 0 0 0 0 0 X X 0 0 0 0 0 0 0 X 0 0 0 0 0 0 0 0 X 0 0 X 0 0 0 X 0 0 X 0 0 0 X 0 X 0 X 0 0 0 0 X 0 0 X X 0 0 0 0 0 0 0 0 0 0 0 0 0 0 X 0 X 0 0 0 0 0 X 0 0 0 X 0 X 0 0 0 0 X
X 0 X 0 0 0 X 0 0 0 0 0 0 0 0 0 0 0 0 0 X 0 0 0 0 0 0 0 0 X 0 0 0 0 0 0 0 0 0 X 0 0 0 0 0 0 0 0 0 0 0 0 X 0 0 0 0 0 0 0 0 X 0 0 0 X 0 0 0 0 0 0 0 0 0 0 0 0 0 0 X 0 X 0 0 0 X 0 0 X 0 0 X 0 0 0 0 0 0 0 0 0 0 X 0 0 X 0 0 0 0 0 0 X X 0 X 0 0 0 0 0 0 0 X 0 0 0 X X 0 0 0 X 0 0 0 X 0 X X 0 0 0 0 X 0 0 0 X 0 0 0 X 0 0 0 0 0 0 0 0 X 0 X 0 X 0 X 0 0 0 X 0 X 0 X 0 0 0 X 0 0 0 0 0 0 0 0 0 0 0 0 X 0 0 0 X 0 X
X 0 0 0 0 0 X 0 0 0 0 X X 0 0 X 0 0 0 X 0 X 0 0 0 0 0 0 0 0 0 0 0 X 0 X X 0 0 0 0 0 0 0 0 0 0 0 0 0 0 X 0 0 0 0 0 0 0 X 0 0 0 0 X 0 0 0 0 0 0 X 0 0 0 0 0 0 0 0 X 0 0 X 0 0 0 0 0 X X 0 0 0 0 0 0 0 0 0 0 0 0 0 0 0 0 0 0 0 X 0 0 0 0 0 X 0 0 X 0 0 0 0 0 0 0 0 X X 0 0 0 0 0 0 0 0 0 0 X 0 0 0 X X 0 X 0 0 0 0 0 X 0 0 0 X X X 0 X 0 0 0 X 0 0 0 X 0 0 0 0 0 0 0 0 0 0 0 X 0 0 0 0 0 0 0 0 0 X X X 0 0 0 0 0 X
X 0 0 0 X X 0 X X 0 0 0 0 X 0 0 0 0 0 0 0 X 0 X 0 0 0 0 0 0 X 0 0 X 0 0 X 0 0 0 X 0 0 0 0 0 0 0 X X 0 X 0 X X 0 0 0 0 0 0 0 X 0 0 0 0 0 X 0 0 X 0 0 X 0 0 0 0 0 X 0 0 0 X X 0 0 0 0 X 0 0 0 0 0 0 0 0 0 0 0 0 X 0 X 0 X 0 0 X X X 0 0 0 0 0 0 0 X X 0 X 0 0 X 0 0 0 0 0 0 X 0 0 0 0 0 X 0 0 0 X 0 0 0 X 0 X 0 0 0 0 0 0 0 0 X 0 0 0 0 0 0 0 0 0 0 0 0 0 X 0 0 0 0 0 0 0 0 0 0 0 0 0 0 0 X 0 X X 0 0 0 X 0 0 0 X
X 0 X 0 0 0 0 0 0 0 0 0 0 0 X 0 X 0 0 0 X X X 0 X 0 0 0 X 0 0 0 0 0 0 0 0 0 0 X X 0 X 0 0 X 0 X 0 0 X 0 0 0 0 0 0 0 0 0 0 X 0 0 X 0 X 0 0 0 0 0 0 0 X 0 0 0 0 X 0 0 0 0 X 0 0 0 0 0 X 0 X 0 X 0 X 0 X X 0 0 0 0 0 0 0 0 0 X 0 0 X 0 0 0 0 0 0 X 0 0 0 X 0 0 0 0 0 0 0 0 0 0 0 0 0 0 0 0 0 0 0 X 0 X 0 0 0 0 0 0 0 0 0 0 0 0 0 X 0 0 0 0 0 0 0 0 0 0 0 0 0 0 0 X 0 0 0 0 X 0 0 0 X 0 X 0 0 0 X X 0 0 0 0 X 0 0 X
X 0 0 0 X 0 0 0 X 0 0 0 0 0 X 0 0 0 0 0 0 0 0 X X 0 0 0 0 0 0 0 X 0 X 0 X 0 0 0 0 0 0 0 0 0 0 0 0 X X 0 0 0 X 0 0 0 0 X X X X 0 0 0 0 0 0 X 0 0 X 0 0 0 0 0 X 0 0 0 0 0 0 0 X 0 0 0 X 0 X 0 0 0 0 0 0 0 0 X 0 0 0 0 X 0 0 0 0 0 0 0 0 0 X 0 0 0 X 0 X 0 X 0 X 0 X X 0 0 0 0 0 0 0 0 0 X 0 0 0 0 0 X X 0 0 0 0 0 X 0 0 0 X 0 0 0 0 X 0 0 X 0 0 0 0 X X 0 0 0 X X X 0 0 0 0 0 0 0 0 0 0 0 X 0 0 0 0 X X 0 0 0 0 X
X 0 0 0 0 0 0 0 0 0 0 0 0 0 0 0 X 0 0 0 X X 0 0 X 0 0 X 0 0 0 0 0 0 0 0 X 0 0 0 0 0 0 X 0 0 X 0 0 0 X X 0 0 X X 0 X 0 0 0 0 0 X 0 0 0 X 0 0 0 0 0 X 0 0 0 X X 0 X X X 0 0 0 0 X 0 0 0 X X X X 0 0 0 0 X 0 X 0 0 0 0 0 0 X 0 X X 0 0 0 X 0 0 0 0 0 0 0 0 0 0 0 X 0 0 0 0 0 0 0 0 0 0 0 0 X 0 0 0 0 0 X 0 0 X 0 0 0 0 0 X X 0 X 0 0 0 0 0 0 0 0 0 0 X X 0 0 X X X 0 0 0 X 0 X 0 0 0 0 0 0 X 0 X 0 X 0 0 0 0 0 0 X
X 0 X 0 0 0 0 0 0 X 0 X 0 0 0 0 X X X X X 0 0 0 0 0 0 X 0 0 X X 0 0 0 0 0 X X 0 0 0 0 0 0 0 X 0 0 X 0 X 0 0 0 0 0 0 X 0 0 0 0 X 0 0 X 0 X 0 0 0 0 0 0 X 0 0 0 0 0 X 0 0 X 0 0 X 0 0 0 0 0 0 X 0 X 0 0 X 0 X 0 0 X X 0 0 0 X 0 0 0 0 0 0 0 X 0 0 X 0 X X 0 0 0 0 0 X X 0 X 0 0 0 0 X 0 0 X X 0 0 X 0 X 0 0 0 0 0 0 0 0 0 0 X 0 X 0 X 0 0 0 X 0 0 0 0 0 0 0 0 0 0 0 0 0 0 0 0 0 0 0 0 X X 0 0 0 0 0 0 0 0 0 0 0 X
X 0 X X 0 X X 0 0 0 0 0 0 0 0 X 0 0 0 0 0 0 0 X 0 0 0 X X 0 0 0 0 0 0 0 0 0 0 0 X 0 0 0 0 0 0 0 X X X 0 0 0 X X 0 0 0 0 0 0 0 0 0 X X 0 0 0 0 X 0 0 0 0 0 0 0 X 0 0 0 0 0 0 0 0 0 0 0 0 X 0 0 0 0 0 0 0 0 0 0 0 0 0 0 X 0 X 0 0 0 0 X X 0 0 0 0 0 0 0 0 0 0 0 X 0 X 0 X 0 0 0 0 0 X 0 0 0 X 0 0 0 0 0 0 0 0 0 0 0 0 0 0 0 0 0 0 0 X 0 0 0 0 X 0 X 0 0 X X 0 0 X 0 0 0 0 0 0 0 0 0 0 X 0 0 0 0 0 0 0 0 0 0 0 0 X
X 0 0 0 0 X 0 0 X X 0 0 0 0 0 0 0 X X 0 X 0 0 0 0 X 0 0 0 X 0 0 0 0 0 0 0 0 0 0 0 0 0 0 0 X X X 0 0 0 0 0 0 0 0 X X X 0 0 0 0 X X 0 0 0 0 0 0 0 X X 0 0 0 0 0 0 X 0 X X 0 0 X 0 X 0 0 0 0 0 0 0 X 0 X 0 0 0 X 0 0 0 0 0 0 0 X 0 0 0 0 0 0 X 0 X X X 0 X X 0 0 0 0 0 X 0 X 0 0 X 0 0 0 0 0 X 0 0 0 0 0 0 0 0 0 0 0 0 0 0 0 0 X 0 0 0 X 0 0 0 X X X 0 0 0 0 0 0 0 0 0 0 0 0 0 0 0 0 0 0 X 0 0 0 0 0 0 0 0 0 0 0 X
X X 0 0 X X X X 0 0 X X 0 0 0 0 0 0 X 0 0 X 0 0 0 0 0 0 X 0 0 0 0 0 0 0 0 0 0 0 0 0 0 0 0 X X 0 0 0 0 0 0 0 X 0 0 0 X 0 0 0 0 0 X X 0 0 X 0 X 0 X 0 0 X X 0 0 0 0 0 0 0 0 0 0 0 0 0 0 0 0 0 0 X X 0 0 X 0 0 0 0 0 0 X 0 0 0 0 0 0 0 0 0 0 0 0 0 X 0 0 0 0 X 0 0 0 0 X 0 X 0 0 0 X 0 0 0 0 0 X 0 0 0 0 X 0 0 0 0 0 0 0 0 0 0 0 X 0 0 X 0 0 0 X 0 0 0 0 0 0 0 0 0 0 0 0 0 0 X 0 0 0 0 0 0 0 0 0 0 0 0 0 X 0 0 0 X
X 0 0 0 0 X 0 0 0 0 0 X 0 X 0 X 0 X X X 0 X 0 0 0 0 0 0 0 0 0 X 0 X X 0 0 0 0 0 0 0 X 0 0 0 0 0 0 0 0 0 0 0 0 0 0 0 0 0 0 0 0 0 0 0 0 0 0 0 X 0 0 0 0 0 X 0 0 0 0 0 0 0 0 0 0 X 0 0 0 X 0 0 X X 0 0 0 X 0 X X 0 0 0 X 0 X 0 0 0 0 X 0 0 0 0 0 0 0 0 0 0 0 X 0 0 X X 0 0 X 0 0 0 0 0 0 0 0 X 0 0 X 0 0 0 X 0 0 0 0 0 0 X 0 0 0 0 0 0 0 0 X 0 X 0 0 0 X 0 X 0 0 0 0 0 0 0 X 0 0 0 X 0 0 X 0 X 0 0 X 0 X 0 0 0 0 X
X 0 X 0 0 0 0 0 0 0 0 X 0 0 0 0 0 0 0 0 0 X 0 X X 0 0 0 0 X 0 0 0 0 0 0 0 0 X 0 0 X X 0 0 X 0 0 0 0 0 0 0 0 0 0 0 0 0 X 0 0 X 0 X 0 0 0 0 0 0 X 0 0 0 X 0 0 0 0 0 0 0 0 X 0 0 0 0 0 0 X 0 0 0 X 0 0 0 0 X 0 X X 0 0 0 X 0 0 0 0 0 0 X X 0 0 0 0 0 0 0 0 0 X 0 0 0 X X 0 0 0 0 0 X 0 0 0 0 X 0 0 X X X X 0 0 0 0 0 0 0 0 0 0 X 0 X 0 0 0 X 0 X X X 0 X 0 0 0 0 X 0 0 0 X 0 X 0 X X X X 0 0 0 0 0 X X 0 0 X 0 0 X
X 0 X 0 0 0 X 0 0 0 0 0 0 X X X 0 0 X 0 0 0 0 0 0 0 0 X 0 0 0 X 0 0 0 0 0 0 X 0 X 0 0 X 0 X X 0 X 0 0 0 0 0 0 0 0 0 0 0 0 0 0 X X 0 0 0 0 0 X 0 0 0 0 X 0 0 0 0 0 0 0 0 X 0 0 0 0 0 X 0 0 X 0 X 0 0 0 0 X 0 X X X 0 X 0 0 0 0 0 0 0 0 0 0 X 0 0 0 0 0 0 0 0 0 0 0 0 0 X 0 0 X 0 X X X 0 0 0 X 0 0 0 0 0 X X 0 0 X 0 X 0 0 X 0 0 0 0 0 X 0 X 0 0 0 0 0 0 0 0 0 0 0 0 0 0 0 0 0 0 X 0 0 0 X 0 X 0 0 X 0 0 0 0 0 X
X 0 0 0 0 0 0 0 X 0 0 0 0 0 0 0 0 0 0 0 0 0 0 0 0 0 0 0 0 0 0 0 X 0 0 0 0 0 0 0 0 X 0 0 0 0 0 0 0 0 X X 0 0 0 0 0 0 0 X X 0 0 0 0 0 0 0 0 X 0 0 0 0 0 0 X 0 0 0 0 X X X 0 0 0 X 0 0 0 0 0 X 0 0 0 0 0 0 X 0 0 0 0 0 0 0 0 0 0 0 X 0 X 0 0 0 X 0 X 0 X 0 0 0 0 0 0 X 0 0 0 0 0 X 0 0 0 0 0 X 0 0 0 0 0 0 0 X 0 0 0 0 X 0 0 0 X 0 0 0 0 0 0 X 0 0 0 0 0 X 0 0 0 X 0 X X 0 0 0 0 0 X 0 0 0 X 0 0 0 X 0 X 0 0 X X X
X 0 X X X 0 0 0 0 0 0 X 0 0 0 0 X 0 0 X 0 0 0 0 0 0 X 0 0 0 0 0 0 0 0 0 0 0 0 0 0 0 0 0 0 X 0 0 0 0 0 0 0 X X 0 0 0 X 0 X 0 X X 0 0 0 0 0 0 X 0 0 0 0 X X 0 X X 0 0 0 0 X 0 X 0 0 0 X X 0 0 0 0 0 X 0 X 0 0 0 X 0 X 0 0 X 0 0 0 0 0 0 0 0 0 0 0 0 X 0 0 0 0 X 0 0 X 0 X 0 0 0 0 0 0 X 0 X 0 0 0 0 X 0 X 0 0 0 0 0 0 0 0 0 X 0 0 X 0 0 0 0 0 0 X 0 0 X 0 0 0 0 0 0 0 X 0 X 0 X 0 0 0 X 0 0 X 0 0 X X 0 X 0 0 X X
X X 0 0 0 0 0 X 0 0 0 0 0 0 0 X X 0 0 0 0 0 0 0 0 0 0 0 0 0 0 X 0 0 0 0 0 X 0 X X 0 X 0 X 0 0 0 X X 0 0 0 0 0 0 0 X X 0 0 0 0 X 0 0 0 0 X 0 0 0 0 0 X 0 X 0 0 0 X 0 0 0 0 X 0 0 0 X X 0 0 X X 0 0 0 0 0 0 0 X 0 0 X 0 0 0 0 0 X 0 0 0 X 0 0 0 0 X 0 X 0 0 0 0 0 X 0 X 0 0 0 0 X 0 0 0 0 0 0 X 0 0 X 0 0 0 0 0 0 0 0 0 0 X 0 0 0 0 0 0 X 0 0 0 0 X 0 0 X 0 0 0 0 0 X 0 0 0 0 0 X 0 X 0 0 0 0 0 0 X 0 0 0 0 0 X X
X 0 0 0 X 0 0 0 0 0 0 0 0 0 0 X 0 0 0 0 0 X X 0 X 0 0 0 0 0 X 0 0 0 X 0 0 0 X 0 0 X X 0 0 0 0 X 0 0 0 0 X 0 0 0 X 0 0 0 X 0 0 X 0 0 0 0 0 0 0 X 0 0 0 0 0 0 0 0 0 0 0 0 0 0 0 0 X 0 0 0 0 0 X 0 X 0 X 0 0 0 0 0 0 0 X X X 0 0 0 0 X X 0 0 0 0 X 0 0 X 0 0 X 0 0 0 0 0 0 0 0 0 0 X 0 X 0 0 0 X 0 0 0 0 X 0 0 0 0 X X 0 0 0 X 0 0 0 0 0 0 0 0 X 0 X 0 0 0 0 0 0 0 0 0 X 0 0 0 X 0 0 X 0 X X X 0 0 0 0 0 0 X 0 0 X
X 0 0 0 0 0 0 0 0 X 0 0 0 0 0 0 0 0 X 0 0 X X 0 X X 0 0 0 X 0 0 0 X X 0 0 0 0 0 0 0 X 0 0 0 X 0 0 0 X 0 0 0 0 X 0 X X 0 X 0 0 0 0 X 0 0 0 0 0 X 0 0 0 X X 0 0 0 0 0 0 0 0 0 0 0 0 0 X 0 0 0 X 0 0 0 0 0 X 0 0 0 0 0 0 0 0 0 X 0 X 0 X X 0 0 0 0 0 X 0 X X 0 0 X 0 0 0 X 0 0 0 0 0 X 0 0 0 X 0 0 0 0 0 X 0 0 0 0 0 X 0 0 0 0 0 X 0 0 X X 0 0 X X 0 0 0 X X 0 X 0 0 0 X 0 0 0 0 0 0 0 X X 0 0 X 0 X 0 0 0 0 0 0 X
X 0 0 0 0 0 0 0 0 X 0 0 0 0 0 0 0 0 0 0 0 0 X 0 0 0 0 0 0 0 0 0 X 0 0 0 0 0 0 0 X 0 0 0 0 0 0 X 0 0 X 0 X X X 0 X 0 0 0 0 0 0 0 0 0 X 0 0 0 0 0 0 0 0 0 0 0 0 0 0 0 0 0 0 0 0 0 X 0 X 0 0 0 X 0 0 0 0 0 0 0 0 0 X X 0 X 0 X 0 0 0 0 0 0 0 0 X 0 0 0 0 0 0 0 0 X 0 X 0 X 0 X 0 X 0 0 X X 0 X 0 0 0 0 0 0 X 0 0 0 0 0 0 0 0 0 0 X 0 0 0 0 0 X X 0 X 0 0 0 0 0 0 0 0 0 0 0 X 0 X X 0 0 X 0 0 0 X X X 0 X 0 0 0 0 X
X 0 0 0 X 0 0 0 0 0 0 0 X 0 0 0 0 0 X 0 0 X 0 0 0 0 X 0 0 0 0 0 X 0 0 0 0 0 0 0 0 0 0 0 0 X 0 X 0 0 0 0 0 0 0 0 X 0 0 X 0 X 0 0 0 0 0 0 X 0 0 0 0 0 0 0 0 0 0 0 0 0 X 0 0 X 0 0 0 0 0 X 0 0 0 0 0 0 0 X 0 0 0 0 X X 0 0 0 0 0 0 X X X 0 0 0 0 0 X 0 0 0 0 0 0 0 0 0 0 0 0 0 0 0 X X X 0 0 X 0 0 0 X 0 0 0 X 0 0 0 0 X 0 0 0 0 0 0 0 X 0 0 X 0 0 X 0 0 0 X X 0 0 0 X 0 0 0 0 0 0 0 0 0 X 0 X X X 0 0 0 0 0 0 0 X
X 0 0 0 X 0 0 0 0 0 0 0 0 0 X X X X 0 0 0 0 0 0 0 0 0 0 0 0 0 0 0 0 0 X 0 0 0 X 0 0 0 0 0 0 0 0 0 0 0 0 0 0 0 X 0 0 X 0 0 0 0 0 0 0 0 0 0 X X 0 0 X 0 0 0 0 0 0 X 0 0 0 0 0 X 0 0 0 0 0 0 0 X 0 0 0 0 0 0 0 X 0 0 0 0 0 0 0 0 0 0 X X X X 0 X X 0 0 X 0 X 0 0 0 0 0 0 0 0 0 0 0 0 0 0 0 0 0 0 0 0 0 X 0 0 0 X 0 X 0 0 0 0 0 0 0 0 0 0 X X 0 0 0 X 0 X 0 X X 0 X 0 0 0 0 X 0 0 0 0 0 0 0 0 X 0 0 0 0 0 0 0 0 0 X
X 0 0 0 0 0 0 0 X 0 X 0 0 0 0 0 0 0 X 0 0 0 0 X 0 0 X 0 0 X 0 0 X 0 X 0 X 0 X X 0 0 0 0 X 0 0 0 0 0 0 0 X 0 0 X 0 0 0 0 0 0 0 0 0 0 0 0 0 X 0 X 0 0 0 0 X X 0 X 0 0 0 0 X 0 X X 0 X 0 0 0 0 X X 0 0 0 0 0 0 0 0 0 0 0 0 0 X X 0 0 0 0 0 0 0 0 0 X 0 X 0 0 0 0 X 0 0 0 0 0 0 0 0 0 0 0 X 0 0 0 X X 0 0 0 X 0 X 0 0 0 0 0 0 0 0 0 X 0 X X X 0 0 0 0 X X 0 0 0 0 X 0 0 0 0 0 0 0 X 0 X 0 X X 0 0 X 0 0 X X X 0 0 X
X 0 0 0 0 0 0 0 0 0 0 0 0 X X 0 0 0 0 0 0 0 0 0 0 0 X 0 0 0 0 0 0 0 0 0 0 0 0 0 0 0 0 0 0 X 0 0 0 0 0 0 0 0 X 0 0 0 0 0 0 X 0 0 0 0 X 0 0 X 0 0 0 0 0 0 0 0 0 0 0 0 X X X 0 0 0 0 X X 0 0 0 0 0 0 0 0 0 0 0 0 0 0 0 X X 0 0 0 0 0 0 0 0 X 0 X X X 0 0 0 X 0 X 0 0 0 0 0 0 0 0 0 X 0 0 X 0 X 0 0 0 0 0 0 0 0 X 0 0 X 0 0 X 0 X 0 0 0 X 0 0 0 X X X 0 0 0 0 0 X 0 0 0 0 0 0 X 0 0 0 0 0 X X 0 0 0 0 0 X X 0 0 0 X
X X X 0 X 0 X 0 0 0 0 0 0 0 X 0 X 0 0 0 0 0 X 0 0 0 0 0 0 0 X 0 0 0 0 0 0 X 0 X X 0 0 X X X X 0 0 0 0 0 0 0 0 0 0 X 0 0 X 0 0 X 0 0 0 0 X 0 X 0 0 0 0 0 X 0 0 0 0 X 0 0 0 0 X 0 0 0 0 0 0 X 0 X X 0 0 0 0 0 0 0 X X X 0 X 0 0 0 0 0 0 X 0 0 0 0 0 X 0 0 X X 0 0 0 0 0 0 0 0 0 X 0 0 X 0 0 X 0 0 0 0 0 0 0 0 0 0 X 0 0 0 X X 0 X X 0 0 0 X 0 0 X 0 X X 0 0 X 0 0 0 0 0 0 0 0 X 0 0 X 0 0 0 0 0 0 0 0 X 0 0 0 0 X
X 0 0 0 0 0 0 X X 0 0 0 0 0 X 0 0 0 0 X X 0 0 0 0 0 0 0 0 0 0 0 X 0 X 0 0 0 0 0 X 0 0 0 X 0 0 0 0 X 0 0 0 0 0 X 0 0 0 0 0 0 0 0 X 0 0 0 0 0 0 0 0 0 0 0 0 X 0 0 0 0 0 X 0 0 0 0 0 X 0 0 0 0 0 0 X X 0 0 0 0 0 0 X 0 X 0 X X 0 0 0 X 0 X 0 0 0 0 0 0 0 0 0 X 0 0 0 0 0 X 0 0 X 0 0 X 0 0 0 X 0 0 X 0 0 X X 0 0 0 0 0 0 0 X X X 0 0 0 X 0 0 0 0 0 0 0 X X 0 0 0 0 X 0 0 0 X 0 0 0 0 0 0 0 0 0 X 0 X 0 0 0 0 0 X X
X 0 0 0 0 0 0 0 0 0 0 0 0 X 0 0 0 0 0 0 0 0 0 0 0 0 X X X 0 X X 0 0 0 0 0 X 0 0 0 0 0 0 0 0 0 0 0 0 X X 0 0 0 0 0 0 0 0 0 0 0 X 0 0 0 X 0 0 0 0 0 0 0 X 0 0 X 0 0 0 0 X 0 X 0 0 0 0 0 X X 0 X 0 0 0 X 0 0 X 0 0 0 0 0 0 0 0 0 0 0 X X X X X 0 0 0 0 X 0 X 0 0 X 0 0 0 X 0 0 X 0 X X 0 0 X 0 0 0 0 X 0 X X 0 0 0 0 0 0 0 0 X 0 X 0 0 0 X 0 0 0 0 0 0 0 0 X 0 X X 0 0 0 X X 0 0 X 0 0 0 X 0 0 0 0 0 0 0 0 0 0 0 X
X 0 0 0 0 0 0 0 X 0 X 0 0 0 0 0 0 0 0 0 0 X 0 0 0 0 0 0 0 0 0 0 0 X 0 0 0 0 0 0 0 0 0 0 X X 0 0 X 0 0 X X 0 X 0 0 0 0 0 0 0 0 X 0 0 0 0 0 0 X 0 X 0 0 0 0 0 0 0 0 X 0 0 X 0 0 0 X 0 0 0 0 0 0 0 0 0 X X X X 0 0 0 0 0 0 0 X 0 0 0 0 X 0 0 0 0 X 0 0 0 X 0 0 0 0 0 0 X X 0 0 0 0 0 0 0 0 0 0 0 X 0 0 0 0 0 0 0 0 0 0 X 0 X 0 0 0 0 0 X 0 0 0 0 X X 0 0 0 X 0 0 0 X 0 0 0 0 0 X 0 0 0 X 0 0 0 0 X 0 0 0 X 0 0 0 X
X 0 0 0 X 0 0 0 0 X 0 0 0 0 0 0 0 0 X 0 0 0 X 0 X 0 0 0 0 X X X 0 X X X X 0 0 0 0 0 X 0 X 0 0 0 0 0 0 0 0 0 X 0 0 0 0 0 0 X 0 0 0 0 0 0 0 0 X X 0 0 0 0 0 0 0 0 X X 0 0 0 0 X 0 0 0 0 0 0 0 0 0 0 0 0 0 X 0 0 0 0 X 0 X 0 0 0 0 0 0 X X 0 0 0 0 X X X 0 0 0 0 0 X 0 0 0 0 0 0 0 0 0 X 0 X 0 0 0 0 0 0 0 0 0 0 0 0 0 0 0 0 0 0 0 0 0 0 0 X X 0 0 0 0 0 0 X X 0 X 0 0 0 0 X 0 0 0 0 0 0 0 0 0 X 0 0 X 0 0 X 0 0 X
X 0 0 0 0 0 0 X 0 0 0 0 0 0 0 0 0 0 0 X 0 0 0 0 0 0 X 0 0 X 0 0 0 0 0 0 0 0 0 0 X 0 0 0 0 0 0 0 0 0 X 0 X 0 0 0 0 X X 0 0 0 0 X X X 0 0 X 0 0 X X 0 X 0 0 0 0 0 0 0 0 0 0 0 0 0 0 X 0 X 0 0 0 0 X 0 X X X 0 X 0 0 X 0 X 0 0 0 X 0 0 0 0 0 0 X X 0 0 0 X 0 0 0 X 0 0 X X 0 0 0 0 0 0 0 0 0 0 0 0 0 0 0 0 0 0 0 X X 0 0 X X 0 0 0 X 0 0 0 X 0 0 0 X X 0 0 X 0 0 0 X 0 0 0 0 0 0 0 0 X 0 0 0 X X X 0 X 0 0 0 X 0 X
X 0 X 0 0 0 0 0 0 0 0 X 0 X 0 X 0 0 0 0 0 0 0 0 0 X 0 0 X 0 X X 0 0 0 0 0 0 0 X 0 0 0 X 0 0 0 0 0 X 0 0 0 0 X 0 0 X X 0 X X 0 0 X 0 X 0 0 0 X 0 0 X 0 0 0 X 0 0 0 0 0 X 0 0 0 0 0 0 0 0 X 0 0 0 0 0 X 0 0 0 0 0 0 X 0 0 0 X X 0 0 0 X 0 0 0 0 0 X X 0 0 0 X 0 0 0 0 X 0 0 X X 0 0 0 0 0 0 0 0 X 0 X 0 X X 0 X 0 0 0 0 X 0 0 0 0 0 0 0 0 0 0 0 X 0 0 0 0 X X 0 0 0 0 0 0 0 X 0 0 0 0 0 0 X 0 X 0 0 0 0 0 0 0 X X
X 0 0 0 0 0 0 0 0 0 X 0 X X 0 0 X X 0 0 0 0 0 0 0 0 X 0 0 X X 0 0 0 0 0 0 X X 0 0 0 0 0 0 0 0 X X 0 X 0 0 0 0 0 0 X X 0 X 0 0 0 0 0 0 0 0 0 0 X 0 0 0 X X 0 0 X 0 0 0 0 0 X 0 0 X 0 0 0 0 0 0 0 0 0 0 0 0 0 0 0 0 0 0 0 0 0 X 0 0 0 0 X X X 0 0 0 0 0 0 0 0 0 0 X 0 0 0 0 0 X X X 0 0 0 0 X 0 X X 0 X 0 0 X 0 0 0 0 0 0 0 0 X 0 0 0 0 0 0 X X X 0 0 0 X X 0 0 0 0 0 0 X 0 0 0 0 0 0 X X 0 0 0 0 X 0 0 0 0 X 0 X
X 0 X X 0 X 0 X 0 0 0 0 0 0 0 X X 0 0 0 X 0 0 0 X 0 0 X 0 0 0 0 0 X 0 0 X 0 0 X 0 X X 0 0 0 X X 0 0 0 0 0 0 0 0 X X 0 X 0 0 0 0 0 0 0 0 0 0 0 0 0 0 0 0 0 0 0 X 0 0 0 0 X X X 0 0 0 0 X X 0 0 0 0 0 0 X 0 0 0 X 0 0 0 X 0 0 X 0 0 0 0 0 0 0 X X X 0 0 X 0 0 0 0 0 X 0 0 X X 0 0 0 X 0 0 0 0 0 0 0 0 X X 0 0 0 0 0 0 0 0 0 0 0 0 0 X 0 0 0 0 0 0 0 X 0 0 0 0 0 0 0 0 X 0 0 X 0 0 0 X 0 0 X 0 0 0 X 0 0 X 0 X 0 X
X X 0 0 0 0 0 0 0 X 0 0 0 0 0 0 0 0 X 0 X 0 0 0 0 0 0 0 0 X 0 X 0 0 0 0 X 0 0 0 0 0 0 0 0 0 X X X 0 0 X 0 0 0 X 0 X 0 0 0 0 X 0 0 0 0 0 0 0 0 0 0 X 0 0 X 0 0 0 X 0 0 X 0 X 0 0 0 0 0 0 0 0 0 0 0 0 X 0 0 X 0 0 0 0 X 0 X 0 X 0 X X X 0 X 0 X X 0 0 0 X 0 0 0 0 0 0 0 X 0 0 0 0 0 0 0 0 0 0 0 X X X 0 0 0 0 0 0 0 0 X 0 X X 0 0 0 0 X 0 0 0 0 0 0 0 0 0 0 0 0 0 0 0 0 X 0 0 0 0 X X 0 0 0 0 0 0 X 0 0 X X 0 X X
X 0 0 0 0 0 0 0 0 0 0 0 0 0 0 0 0 0 0 0 0 0 0 X 0 0 X 0 X 0 0 0 0 0 0 0 0 0 0 X 0 0 0 0 0 0 0 0 0 X X 0 0 0 X 0 0 X 0 0 0 0 X 0 X 0 0 0 0 0 0 0 0 X 0 0 0 0 0 0 X 0 0 0 X 0 X 0 0 X 0 0 0 0 0 0 0 0 0 0 0 0 0 0 0 X 0 0 0 0 0 0 X X 0 X X 0 0 X 0 0 0 0 X 0 0 0 0 0 0 0 0 0 X 0 0 0 0 X 0 0 0 0 0 0 X 0 0 0 0 0 0 0 0 0 0 0 0 0 0 0 0 0 0 X 0 X 0 0 0 0 X 0 X X 0 0 0 0 X 0 0 X 0 0 0 0 0 X 0 0 0 0 0 0 0 0 X X
X 0 0 X 0 0 0 0 0 0 X 0 X 0 X 0 0 0 0 0 0 0 0 0 X 0 X 0 0 0 0 X 0 0 0 0 0 0 0 X 0 0 0 0 0 X 0 X X 0 X 0 X 0 0 X X 0 0 0 X 0 0 0 0 X 0 X 0 0 0 0 0 0 0 0 0 X 0 0 0 0 0 0 0 0 X 0 0 0 0 0 0 0 0 0 0 0 0 0 0 0 0 0 0 0 0 0 X 0 0 0 0 0 0 0 0 0 0 X X 0 0 0 0 0 0 0 0 X 0 0 0 0 0 0 0 0 0 X 0 0 0 0 0 0 0 X 0 X 0 X 0 0 X 0 0 0 0 0 X X 0 0 X 0 X 0 0 X 0 0 0 0 0 0 0 0 0 0 0 0 X 0 0 0 0 0 0 X 0 0 0 0 0 0 0 0 0 X
X X X X 0 X 0 0 0 0 0 0 0 0 X X X 0 0 0 0 0 0 X 0 0 0 0 0 0 0 0 0 X 0 X 0 0 0 0 0 X X 0 X 0 0 0 X 0 0 0 0 0 0 0 0 0 0 0 0 0 0 0 0 X X X 0 0 X X X 0 0 0 0 0 0 0 X 0 0 0 0 0 0 0 0 0 X 0 0 0 0 0 0 0 0 0 X 0 0 0 0 X X 0 X X 0 0 0 X 0 0 0 0 0 0 0 0 0 X X 0 0 0 0 X 0 0 0 0 0 0 0 X 0 0 X 0 0 0 0 0 X 0 X 0 X 0 0 X X X X 0 0 0 0 X 0 0 X 0 X 0 0 0 0 0 0 0 0 0 0 0 0 X 0 0 0 0 0 0 0 0 X 0 0 0 X 0 0 0 0 0 0 X
X X 0 0 0 0 0 0 0 X 0 0 0 0 0 0 X 0 0 0 X X X 0 0 0 0 0 0 0 0 0 0 0 0 0 X X X X X 0 0 0 0 X 0 X 0 0 X X X X 0 0 0 0 X 0 0 0 0 0 0 X X X X 0 0 X 0 0 0 0 0 0 0 X 0 X 0 0 0 0 0 0 0 0 0 0 X X 0 0 X 0 0 0 X 0 0 0 X 0 0 0 0 0 X 0 X 0 0 0 0 0 0 0 X X 0 0 0 0 0 0 X 0 0 0 0 0 0 0 0 0 0 0 0 0 0 0 0 0 0 0 0 0 0 0 0 0 X 0 X X 0 0 0 0 0 0 X 0 0 0 0 0 0 0 X 0 0 0 0 0 0 0 0 0 0 0 0 0 0 0 0 X 0 0 0 0 0 0 X 0 0 X
X 0 0 X 0 0 0 0 0 0 0 X 0 X 0 0 X 0 X 0 X 0 X 0 0 0 0 0 0 0 0 0 0 X 0 X 0 0 0 0 0 X 0 0 0 0 X 0 0 0 0 0 0 0 0 0 0 X X 0 0 0 X 0 0 0 0 0 0 0 X X 0 0 0 0 X 0 0 X 0 X X 0 0 0 0 0 0 0 0 0 0 0 0 0 0 0 X X 0 0 X 0 0 0 0 0 0 0 0 0 0 0 0 0 X 0 X X 0 0 0 0 0 0 0 0 0 X 0 0 0 0 0 X 0 0 X 0 X 0 0 0 0 0 X 0 X 0 X 0 0 X 0 0 0 0 0 0 X 0 0 0 0 0 0 0 0 X 0 0 0 0 0 0 0 0 0 0 0 X 0 0 0 0 0 0 0 0 X 0 0 0 0 X X X 0 X
X 0 0 X 0 0 0 X 0 0 0 0 0 0 0 0 X 0 0 0 0 0 0 0 0 0 0 0 0 0 X 0 0 X 0 0 0 0 0 0 0 0 0 0 0 X 0 0 X X X 0 0 X 0 X 0 0 0 0 X 0 X 0 0 0 X 0 0 0 0 0 0 0 0 0 X 0 X 0 X 0 0 X 0 X X 0 X 0 0 0 0 0 0 0 0 0 0 X X 0 0 X 0 0 0 0 X 0 0 0 0 0 X 0 0 0 0 0 X 0 0 X 0 0 X 0 0 0 0 0 0 0 X X 0 0 0 0 0 0 0 X X 0 0 0 0 0 X 0 0 0 0 0 0 X 0 0 0 0 0 0 0 X 0 0 0 0 0 0 X 0 X 0 X X 0 0 X 0 0 0 X 0 0 X 0 0 X X 0 0 X 0 0 0 0 X
X 0 X 0 0 0 0 0 0 X X 0 X 0 X 0 0 0 0 0 0 0 0 X 0 0 0 X 0 0 0 0 0 X 0 X 0 0 X X X 0 0 X 0 0 X 0 0 0 0 0 0 0 0 0 X 0 0 0 0 0 0 0 0 0 0 0 X X 0 0 X X X 0 0 0 0 X 0 0 0 0 X 0 0 0 0 0 0 0 0 0 X 0 0 0 0 0 X 0 0 0 0 X 0 0 0 X X X 0 0 0 0 0 0 X 0 0 0 0 0 0 0 0 0 0 X X 0 0 0 0 0 0 X 0 0 X 0 0 0 0 0 X 0 0 X 0 X 0 0 0 0 0 0 0 X 0 0 0 0 0 0 0 0 0 0 0 0 0 0 0 X 0 0 0 X 0 X 0 X 0 0 0 0 0 0 X 0 X 0 0 0 0 X 0 X
X 0 0 0 0 0 0 0 0 0 0 0 X 0 0 0 0 0 0 0 0 0 0 0 0 0 0 0 0 X 0 0 0 0 0 0 X X X 0 X 0 0 0 0 0 0 0 0 0 0 X 0 0 0 0 0 0 X 0 0 0 0 0 X 0 0 0 0 X X X 0 0 0 0 0 0 0 0 0 0 0 X 0 0 0 0 0 0 0 0 0 0 0 0 0 X 0 0 X 0 0 0 0 0 0 0 0 0 0 X 0 0 0 0 0 X 0 0 X 0 0 X 0 0 0 X X 0 X 0 X 0 0 0 0 0 0 0 0 0 X X 0 0 0 X 0 X 0 0 0 0 0 0 0 X 0 0 0 0 0 0 X 0 X 0 0 0 0 X X 0 0 0 X 0 0 X 0 0 0 0 0 X 0 0 0 0 0 0 0 X 0 X 0 0 0 X
X 0 0 0 0 0 0 0 0 0 X 0 0 0 X 0 X 0 0 0 X X 0 0 0 0 0 0 0 X 0 0 X 0 0 0 0 0 0 X X 0 0 0 0 0 X 0 0 0 0 X 0 0 0 0 0 X 0 0 0 0 X X 0 0 0 0 0 0 0 X X X 0 X 0 0 0 X 0 0 X 0 0 0 0 0 0 X X 0 X 0 0 0 0 0 0 0 0 0 X 0 0 X 0 X 0 0 0 X X 0 0 0 0 0 0 0 0 0 X 0 0 0 0 0 0 X 0 0 0 X 0 X X 0 X 0 0 X 0 0 X X 0 0 0 0 X 0 0 X X 0 0 0 0 0 0 0 0 0 0 X 0 0 0 0 X X X 0 0 0 X 0 X 0 0 0 0 0 0 0 0 X 0 0 0 0 0 X 0 X 0 0 0 X
X 0 0 0 0 0 0 X 0 0 0 0 0 X 0 0 0 0 0 X X 0 0 0 0 X 0 0 X 0 0 X 0 0 X 0 0 X 0 0 0 0 0 0 0 X 0 0 0 0 0 0 0 0 X 0 0 0 0 X 0 0 X 0 0 0 X 0 0 0 0 0 0 X 0 X 0 0 X 0 0 0 0 X 0 0 0 0 X 0 X 0 0 0 0 0 0 X 0 0 0 X X 0 X 0 X 0 0 0 0 0 0 0 0 X 0 0 0 0 0 X 0 0 0 0 0 0 0 0 0 0 0 0 0 0 0 0 0 0 0 X 0 0 0 X X 0 X 0 0 X X 0 X 0 0 0 0 X 0 0 0 0 0 X 0 0 0 0 0 0 0 0 0 0 0 0 0 0 0 0 X 0 0 0 0 X X 0 0 0 0 X X 0 0 X X X
X 0 X 0 0 X 0 0 0 X 0 0 0 0 0 0 X 0 0 0 0 0 0 0 0 0 0 0 0 0 0 0 X X X 0 0 0 0 0 0 0 0 0 0 0 0 0 X 0 0 0 0 0 X 0 0 0 0 X 0 0 0 0 0 0 0 X X X X 0 X 0 0 0 0 0 0 0 0 X 0 0 0 X 0 X X 0 X 0 0 0 0 X 0 X 0 X X 0 0 X 0 0 0 0 0 X 0 0 0 0 X X X 0 X 0 0 0 0 0 X 0 0 0 0 0 0 0 X 0 0 0 0 0 0 0 0 0 0 0 0 0 0 0 0 X 0 0 0 0 0 0 0 X 0 0 0 0 0 0 X 0 0 X 0 0 X 0 0 0 0 0 0 0 0 X 0 0 0 0 0 X 0 0 X X 0 0 0 0 0 0 X 0 0 X
X 0 0 0 0 0 0 0 0 X 0 X 0 0 0 0 X 0 0 0 0 0 0 0 X 0 0 0 X 0 0 X X X 0 0 0 X 0 0 0 0 0 0 0 0 X X 0 0 0 0 0 X 0 0 X 0 0 0 0 0 0 0 0 0 0 0 0 0 0 0 0 0 0 X 0 0 X X X X 0 0 0 0 0 0 0 0 X 0 0 0 0 0 0 0 0 0 0 0 0 0 0 0 0 0 0 0 0 0 X 0 0 X X 0 0 X 0 X X 0 0 0 0 0 X 0 X X X 0 X 0 0 0 0 X 0 0 X 0 X 0 0 0 0 X 0 0 0 X 0 0 0 0 0 0 0 X 0 0 0 0 0 X 0 X 0 0 0 0 0 X 0 0 X 0 X 0 0 0 0 0 0 0 0 0 0 0 0 X 0 X 0 X X X
X 0 0 0 0 0 0 X 0 0 0 0 0 0 X 0 0 0 0 0 0 0 0 0 0 X 0 0 0 0 0 0 0 0 X 0 X 0 0 0 X 0 0 0 X 0 0 0 0 0 0 0 X 0 0 X 0 0 0 0 X X X 0 X X 0 0 X 0 0 0 0 X 0 0 0 0 0 X 0 0 0 0 X 0 0 0 X X 0 X 0 0 X X X 0 0 X 0 0 0 0 X 0 X X 0 0 0 0 0 0 0 0 0 0 X 0 0 0 0 0 0 0 0 0 0 X 0 0 0 0 0 0 0 0 X 0 0 0 0 0 0 X 0 0 0 0 0 0 X X 0 0 0 0 0 0 X X 0 X 0 X 0 0 0 0 0 0 0 0 0 0 0 0 0 0 X 0 0 0 0 X X 0 0 0 X 0 0 0 0 0 X 0 0 X
X 0 X X 0 0 0 0 X 0 X 0 0 0 0 X 0 0 0 0 0 X 0 0 0 0 0 X X X 0 X X 0 0 0 0 0 0 0 0 0 X 0 0 0 0 0 X 0 0 0 0 0 0 0 0 0 X 0 0 0 X 0 0 0 0 0 0 0 0 0 X 0 0 X 0 X 0 0 0 0 0 0 0 0 0 X X 0 X X X 0 0 0 X 0 0 0 X 0 0 0 X X 0 X 0 0 0 0 0 0 X 0 0 X 0 X 0 0 0 0 0 0 0 0 0 0 X 0 0 0 0 0 0 X 0 0 0 X 0 X 0 0 X 0 0 X X 0 X 0 0 0 0 0 0 X X 0 0 0 0 0 0 X 0 0 0 0 X X 0 X 0 0 X 0 0 0 X X 0 X 0 0 X 0 0 0 X 0 X 0 0 0 X X
X 0 0 0 0 0 0 0 0 0 X 0 0 0 0 X 0 0 X 0 0 0 0 0 X X X X 0 0 0 0 0 0 X 0 0 0 0 0 X 0 X 0 0 X 0 0 0 0 0 0 0 X 0 0 0 X 0 0 0 0 0 0 0 X 0 0 0 0 0 0 X 0 0 0 0 0 0 0 0 0 0 0 X X 0 0 X 0 0 X 0 0 0 0 X X 0 0 0 0 0 0 0 X 0 0 X X X 0 0 0 0 X 0 X 0 X 0 0 0 0 0 X 0 0 X X 0 0 0 0 0 0 X 0 0 X 0 0 0 0 0 0 X X 0 0 0 0 X 0 0 X X 0 0 0 0 0 X 0 0 0 X 0 0 X 0 0 X X 0 0 0 0 X 0 X 0 0 0 0 0 0 0 0 X 0 X 0 0 0 0 0 0 0 X
X X 0 0 X 0 0 0 0 0 0 0 0 X 0 0 0 X 0 0 0 0 X X 0 0 X X 0 0 0 0 0 0 0 0 0 X 0 X 0 0 X 0 0 0 0 X X 0 X X 0 0 0 X 0 0 0 0 0 X X 0 X 0 0 X 0 X X 0 X 0 X 0 0 0 X X 0 X 0 0 X X 0 0 0 0 0 0 0 0 0 X 0 0 0 0 0 X 0 0 0 X X X 0 X 0 0 0 0 0 0 0 0 0 0 0 0 0 0 0 0 X 0 0 0 0 0 0 X X X 0 0 0 0 0 0 X 0 X 0 0 X 0 0 X 0 X X 0 X X 0 0 0 X 0 X 0 0 0 X 0 0 0 0 0 X 0 0 0 X 0 0 0 0 0 X X 0 X 0 X 0 0 0 0 X 0 0 0 0 X 0 X
X 0 0 0 0 0 X 0 0 0 0 X 0 0 0 0 X X 0 X 0 0 0 0 X 0 0 0 X 0 0 0 0 0 0 0 0 0 0 0 0 0 X 0 X 0 0 0 0 0 0 0 X 0 0 0 X 0 0 0 0 0 0 0 X 0 X 0 0 X 0 0 0 0 0 X 0 X 0 X 0 0 0 0 0 0 0 0 0 0 X 0 0 0 0 0 0 X X 0 0 0 0 X 0 X 0 0 0 0 0 0 0 0 0 0 0 0 0 X 0 0 0 0 0 0 0 X 0 0 0 X 0 0 0 0 0 X 0 0 0 0 0 0 0 X 0 X 0 0 0 0 0 0 0 0 X 0 X 0 0 0 0 0 0 0 0 0 0 X 0 0 X 0 0 X 0 0 0 0 0 0 0 0 X 0 0 0 0 0 0 0 0 0 0 0 0 0 0 X
X 0 0 X X 0 0 0 0 X 0 0 0 0 0 0 X 0 0 X 0 0 0 0 X 0 X 0 X 0 0 0 0 X 0 0 0 0 X 0 0 X 0 0 0 0 0 0 0 0 0 0 X 0 0 0 X 0 0 0 0 0 0 0 0 0 0 0 0 0 0 0 0 0 0 X 0 0 0 0 0 0 0 0 0 0 0 0 0 0 0 0 0 0 0 0 X 0 0 0 0 0 X X 0 X X 0 0 X X 0 0 0 0 0 X 0 0 0 X 0 0 0 0 0 0 X X 0 X 0 0 0 X X 0 0 0 X 0 0 X 0 0 0 X 0 X 0 0 X 0 0 X 0 0 X 0 X 0 0 0 0 0 0 0 0 0 0 0 0 0 0 0 0 X 0 0 0 0 0 0 0 0 0 0 0 0 0 X 0 0 X 0 0 0 0 0 X
X 0 X 0 0 X 0 0 0 0 0 0 0 0 0 X 0 0 0 0 0 0 0 0 0 0 X 0 X 0 X 0 0 0 X 0 0 0 0 0 0 0 0 0 X 0 X X 0 0 0 0 0 0 0 0 X X 0 0 0 0 0 0 0 X X 0 0 X 0 0 0 0 X 0 0 0 X 0 0 0 X X 0 0 0 0 X 0 0 0 0 0 X 0 0 0 0 0 0 0 X X 0 X 0 0 0 0 X 0 0 0 0 0 0 0 0 0 0 X 0 0 0 X 0 X 0 0 0 X 0 X 0 X 0 0 0 X 0 0 X 0 0 0 0 0 0 0 X 0 0 X 0 X X 0 0 X X 0 0 0 0 0 0 0 0 0 X 0 0 X X 0 0 0 X 0 0 0 0 0 0 0 0 0 0 0 0 0 0 0 0 0 0 0 0 X
X 0 0 0 0 0 0 0 0 0 X 0 0 0 X 0 0 0 0 X 0 0 0 0 0 0 0 X 0 0 0 X 0 0 X X 0 0 0 0 0 0 0 0 0 0 0 X X 0 0 X 0 0 0 X 0 0 0 0 0 0 0 0 0 X 0 X 0 0 X 0 0 X 0 0 0 0 0 0 0 X 0 X 0 0 0 0 0 0 0 0 0 0 0 0 0 0 0 X 0 0 0 X 0 0 0 0 0 0 0 0 0 0 0 0 0 0 0 X 0 0 0 X 0 X 0 0 X 0 X 0 0 0 0 0 0 0 0 0 0 0 X 0 0 0 0 0 0 0 X 0 0 0 0 0 X X 0 0 0 0 X 0 0 0 0 0 0 X 0 0 0 X X 0 0 0 0 0 0 X 0 0 0 0 0 0 0 X 0 X 0 0 X 0 0 0 0 X
X 0 0 0 0 0 0 0 0 0 0 0 0 0 0 X 0 0 0 0 0 X 0 0 0 0 X 0 0 0 X 0 0 X 0 X 0 0 0 X 0 0 X 0 0 0 0 X 0 X X 0 0 0 0 0 0 0 0 0 0 0 X X X X 0 0 0 0 0 X 0 0 0 0 0 X 0 0 0 0 0 0 0 X 0 0 0 0 0 0 0 0 X 0 0 0 0 0 0 0 X 0 0 0 X 0 0 0 0 0 0 0 0 X 0 0 X 0 0 0 0 0 0 0 X 0 0 0 0 0 0 0 0 0 0 0 X 0 0 0 0 0 0 0 0 X 0 0 0 0 0 0 0 0 X X 0 0 0 0 X 0 0 0 0 0 0 0 0 X 0 0 0 0 X 0 0 0 0 0 0 0 X 0 0 0 0 0 0 0 X 0 0 0 0 0 0 X
X 0 0 0 X 0 0 0 X 0 0 0 0 X X X X 0 X 0 0 0 0 0 0 0 0 0 0 X 0 0 0 X 0 0 0 0 0 0 0 0 0 0 0 0 0 0 0 0 0 0 0 0 0 0 0 0 0 0 0 0 0 0 X 0 0 0 0 0 X 0 X X 0 0 0 0 X X 0 0 0 0 X 0 0 X 0 X 0 0 0 0 0 0 0 0 0 0 0 X X 0 X X X 0 0 0 0 0 0 0 0 0 0 X X 0 0 0 0 X 0 0 0 0 0 0 0 X 0 X X 0 0 0 0 0 0 0 0 0 0 0 0 X 0 0 0 0 0 X 0 0 0 0 0 0 X 0 0 0 0 X 0 0 0 0 0 0 0 0 0 X 0 0 0 0 0 0 X 0 0 0 0 0 0 X 0 0 X 0 0 0 0 0 X X
X 0 X X 0 0 0 0 0 0 0 0 X 0 0 0 0 0 0 0 0 0 0 0 X 0 X 0 0 0 0 0 X 0 0 X 0 X 0 0 0 0 0 0 0 0 X 0 0 X 0 0 0 X X 0 0 X 0 0 0 0 0 0 X 0 0 0 X 0 0 0 0 0 0 X 0 X 0 0 0 X 0 X 0 0 X 0 0 0 0 0 0 0 X X 0 0 0 0 0 0 0 X 0 X X 0 0 0 0 0 X 0 X 0 X 0 0 0 X 0 0 0 0 0 0 X 0 0 X 0 0 0 0 0 0 0 X 0 0 0 X X 0 0 X 0 0 X X 0 0 0 X 0 X X 0 0 0 0 0 0 0 0 0 0 0 0 X 0 0 0 0 X 0 0 0 0 0 0 0 0 0 0 X 0 0 0 0 0 0 0 0 X 0 0 X X
X X 0 0 0 0 0 0 0 X 0 X 0 0 0 0 X 0 0 0 0 0 0 0 0 0 X X 0 0 0 0 0 0 0 X 0 0 0 X 0 0 0 X 0 X X X 0 0 X 0 X 0 0 0 0 0 X 0 0 0 0 0 0 0 0 0 0 X X X X 0 0 X 0 0 0 0 0 0 X 0 0 X X 0 0 X 0 0 X 0 0 X 0 0 0 X 0 0 0 X 0 0 0 0 0 0 0 X 0 X X 0 X 0 X 0 0 X 0 0 X 0 0 X 0 0 X 0 X 0 0 X 0 0 0 0 0 0 0 0 X 0 X X 0 0 0 0 0 0 0 X 0 X 0 X 0 0 X 0 0 0 0 0 X 0 0 0 0 0 0 0 0 0 0 0 0 0 0 0 0 0 X X 0 X 0 0 0 X 0 0 0 0 0 X
X 0 0 0 0 0 0 0 0 0 X 0 X 0 0 0 0 0 X 0 0 0 0 0 0 0 0 0 X 0 0 X 0 0 X X 0 0 0 X X 0 X 0 0 0 X 0 0 0 X 0 X 0 0 0 0 0 0 0 0 0 X X 0 0 0 0 0 0 0 0 0 0 0 0 0 0 0 0 0 0 0 0 0 0 0 0 X 0 0 0 0 0 0 0 0 0 0 X 0 0 0 X X 0 0 0 0 0 0 0 X 0 0 0 0 0 0 0 0 0 0 0 0 0 0 0 0 0 0 0 X 0 0 0 0 0 0 0 0 0 0 X 0 0 X 0 0 0 0 0 0 0 0 0 0 0 0 0 0 X 0 0 0 X X 0 0 0 0 X 0 0 0 0 0 0 X 0 0 0 0 0 X 0 0 0 X 0 0 X X 0 X X X 0 0 X
X 0 0 X 0 X 0 0 0 0 0 0 0 0 0 0 0 0 0 0 0 0 0 X X 0 0 0 0 0 X 0 0 0 0 X 0 0 0 0 0 0 0 0 0 0 0 0 0 0 0 0 X 0 X X 0 X 0 0 0 0 0 X 0 0 X 0 0 0 0 0 0 0 0 0 X 0 0 0 0 0 0 0 0 0 X 0 0 0 0 0 X 0 0 0 0 0 0 0 0 0 0 0 0 0 0 0 0 0 0 0 0 X 0 X 0 0 0 0 0 X 0 X 0 X 0 X 0 0 X 0 X X 0 0 0 0 0 0 0 X 0 0 X 0 0 0 0 0 X 0 0 0 0 0 X 0 0 0 0 0 0 X 0 0 0 0 0 0 X 0 0 X X 0 0 0 X 0 X X X 0 0 0 0 0 0 0 0 0 0 0 0 X 0 0 0 X
X 0 X 0 X 0 0 0 X 0 0 X 0 X X 0 0 X 0 0 0 0 0 0 X 0 X 0 0 X X 0 0 X X X 0 0 0 0 0 0 0 0 0 0 X 0 0 0 0 0 X X X 0 X 0 0 0 X X 0 0 0 0 0 0 0 0 0 0 0 0 0 0 0 X 0 0 0 0 0 0 0 X X X 0 X 0 0 0 0 0 0 0 X 0 0 0 0 0 X 0 X 0 0 0 0 X 0 0 0 0 0 0 X 0 0 0 X X 0 X 0 0 0 0 0 0 0 0 0 0 0 0 0 0 0 0 0 X 0 0 0 0 0 0 0 X 0 0 0 0 0 0 0 0 0 0 0 0 X 0 0 0 0 X 0 0 0 0 0 0 0 0 0 0 0 0 X 0 0 X 0 X 0 0 0 X X 0 0 0 0 0 0 0 X
X 0 0 0 0 0 0 X 0 0 0 X 0 X X 0 0 X 0 0 X 0 0 0 X 0 0 0 0 0 0 0 0 X 0 X 0 0 0 0 0 0 0 0 X 0 0 0 0 0 0 0 X X 0 X X 0 0 0 X 0 X 0 0 X 0 X 0 0 0 X X 0 X 0 0 0 0 0 0 X 0 X 0 0 0 0 X X 0 0 0 X 0 0 0 0 0 0 0 0 0 0 0 0 0 0 X 0 0 0 0 0 0 0 0 0 X 0 0 0 0 0 0 0 0 0 0 0 0 0 X X 0 0 X X 0 0 0 0 X 0 X 0 0 X 0 0 X 0 0 X 0 0 0 0 0 0 X 0 0 0 X 0 X 0 X 0 0 0 0 0 0 0 0 0 X 0 0 X 0 0 0 0 0 X 0 0 0 0 0 0 0 0 0 0 X X
X 0 0 0 0 0 0 0 X 0 0 0 0 0 X 0 0 X 0 X 0 X 0 X X 0 0 0 X 0 0 0 0 0 0 0 0 0 0 0 0 0 0 0 0 0 0 0 0 X X 0 0 0 0 X X 0 0 0 0 0 0 0 X 0 0 0 0 0 X 0 0 0 0 0 0 0 0 0 0 X 0 0 0 0 X 0 0 0 0 0 0 0 0 0 0 0 0 X 0 0 0 0 0 0 0 0 X 0 0 0 0 0 0 0 0 X X 0 0 0 X 0 0 0 0 0 0 0 X 0 X 0 X 0 X 0 X 0 0 0 0 0 0 X 0 0 0 0 X 0 0 X 0 X 0 0 0 0 0 0 0 0 0 0 X 0 0 0 0 0 X 0 0 0 0 0 X 0 0 X 0 0 0 0 0 0 0 0 X X 0 0 X 0 X 0 0 X
X 0 0 0 0 0 X 0 X 0 0 0 0 0 0 0 0 0 0 0 0 0 X 0 0 0 0 0 X 0 0 0 0 0 0 0 0 X 0 0 0 0 0 0 0 0 0 0 0 0 0 0 0 0 X 0 0 0 0 0 0 X 0 0 X X 0 X X 0 0 0 0 0 0 X 0 0 X X 0 0 0 X 0 0 0 0 0 0 0 0 0 0 0 0 0 0 X 0 0 0 0 0 X X 0 0 0 0 0 0 0 0 0 0 0 0 0 0 0 0 0 0 X 0 0 0 0 0 0 0 0 0 0 0 0 0 0 0 0 X 0 X 0 0 0 0 0 X 0 0 0 0 X X X 0 0 0 0 0 X 0 0 0 0 0 0 0 0 0 0 0 0 X 0 X X 0 0 0 0 0 0 0 0 0 0 0 0 0 0 0 0 0 X 0 0 X
X 0 0 X 0 0 0 0 0 0 X 0 0 0 0 0 0 0 0 0 0 0 X 0 0 X 0 0 0 0 X 0 0 0 0 0 X X 0 0 0 0 X 0 0 0 X 0 0 0 0 X 0 0 0 0 0 0 X X X X 0 0 0 0 0 X 0 0 0 X 0 0 X 0 0 0 0 X 0 0 X X 0 0 0 0 0 X 0 X 0 0 X 0 0 0 0 0 0 X X 0 0 0 X 0 0 X X X 0 0 0 0 X 0 0 0 0 X 0 0 0 0 X 0 0 0 0 X 0 0 0 0 X 0 0 0 0 0 0 X 0 0 X 0 0 X 0 X 0 0 0 0 0 0 0 0 X 0 X 0 0 0 0 X 0 0 0 0 0 0 0 0 0 0 0 0 0 X X X 0 0 X X 0 0 0 0 X 0 0 0 0 X X X
X 0 0 0 0 0 0 0 X 0 0 0 0 0 0 0 0 0 0 0 X 0 0 0 0 0 0 0 0 0 0 X 0 0 0 X 0 0 0 X 0 X 0 0 0 X 0 0 0 0 0 0 0 0 X 0 0 X 0 0 0 0 0 0 0 0 0 0 0 0 0 0 0 0 0 0 0 0 0 0 0 X 0 0 0 0 0 0 0 X 0 0 0 0 0 0 0 X 0 0 0 X 0 X 0 0 0 X 0 0 0 0 0 0 0 0 0 0 X 0 0 0 X 0 0 0 0 X 0 0 0 0 0 X 0 0 0 X 0 X X 0 X 0 X X 0 0 0 0 X 0 0 0 0 0 0 0 X 0 0 0 0 0 0 0 X X X 0 0 0 0 0 0 X 0 0 0 0 X X X X 0 X 0 0 0 0 0 0 X X 0 0 X X X X
X 0 0 0 0 0 0 0 0 0 0 0 X 0 0 0 0 0 X 0 0 0 0 0 0 0 0 0 0 0 X 0 0 0 0 0 0 0 0 0 X 0 0 0 0 0 0 0 X 0 0 0 0 0 X X 0 0 0 X 0 0 X 0 0 0 X 0 0 0 X X 0 0 0 X 0 0 X 0 0 0 0 0 X 0 X 0 0 0 0 0 0 X 0 0 0 0 0 X 0 0 X 0 0 X 0 0 0 X 0 0 0 0 0 0 0 0 0 0 0 X 0 X 0 0 0 0 X 0 0 0 0 0 X 0 0 0 0 0 0 X X X X 0 X X 0 0 0 0 0 0 0 0 0 0 0 X 0 X 0 0 0 0 0 0 0 0 0 X X X X 0 X X 0 0 0 0 0 0 0 0 0 0 X X 0 X 0 X 0 0 0 X 0 X
X 0 0 0 0 0 0 X 0 X 0 0 X 0 X 0 0 0 0 0 0 0 0 0 0 0 0 0 0 0 0 0 X X 0 0 0 0 X 0 0 0 0 X 0 0 0 0 0 0 0 0 0 0 X 0 X 0 0 0 0 0 0 X 0 0 0 0 X X 0 0 X 0 X 0 X 0 0 0 0 0 0 0 0 0 0 0 0 0 0 0 0 0 0 0 X 0 0 0 0 0 0 0 X 0 0 X 0 0 0 0 0 0 X 0 0 X 0 0 0 X 0 X 0 0 0 X 0 0 0 X 0 0 0 0 0 0 0 0 0 0 0 0 0 0 0 0 0 0 0 0 0 X 0 0 0 0 X X X 0 0 X X 0 0 0 0 0 0 0 0 X 0 X 0 X 0 0 0 X X 0 X 0 X 0 0 0 X 0 0 0 0 0 0 0 0 X
X 0 0 0 X 0 0 0 0 0 0 0 0 X 0 0 X 0 X 0 0 X 0 0 0 0 X X 0 0 0 X X X 0 0 0 X 0 0 0 0 0 X 0 0 0 0 0 0 0 0 0 0 0 0 X 0 0 0 0 X X 0 0 0 0 0 0 0 0 X 0 X 0 0 0 0 0 0 0 0 0 0 X X X 0 0 0 0 X 0 0 0 0 0 X 0 X 0 0 X 0 X 0 0 0 0 0 0 X 0 X X 0 0 0 0 0 0 0 0 0 0 0 0 0 X 0 0 X 0 0 0 0 0 0 0 0 0 0 0 0 0 X 0 0 0 X 0 0 0 0 0 0 0 X 0 X X 0 X 0 0 0 0 X 0 0 0 0 0 X 0 X 0 0 X 0 0 0 X 0 0 X X 0 0 0 0 0 X 0 X 0 0 0 0 X
X X 0 X 0 X 0 0 0 X 0 X X 0 0 0 0 X 0 X 0 0 X 0 0 0 X 0 0 0 0 0 0 0 X 0 0 X 0 X X X 0 0 0 0 0 0 X 0 X X 0 0 0 0 0 0 0 0 X 0 0 X X 0 0 0 X 0 X 0 0 0 X 0 X X 0 X 0 0 0 0 X 0 0 X 0 X X 0 0 0 0 0 0 0 0 0 0 0 0 0 X 0 0 0 0 X 0 0 0 X 0 0 0 0 0 X X X 0 0 0 0 X 0 X 0 0 0 0 0 0 0 0 X 0 0 0 X 0 0 0 0 0 X 0 0 X 0 0 0 0 0 X 0 0 0 0 0 0 0 X 0 0 0 0 0 0 0 0 0 0 0 0 0 0 0 0 0 0 0 0 X 0 0 0 0 0 0 X X 0 0 0 0 0 X
X 0 0 X 0 X 0 0 0 0 X 0 0 0 0 X 0 0 0 X 0 X X 0 0 0 0 0 X X X 0 X 0 0 0 0 X 0 0 0 0 X 0 X 0 0 0 0 0 0 0 X 0 0 0 0 0 0 0 0 0 0 0 0 0 X 0 0 0 0 0 0 0 0 0 0 0 0 0 0 0 0 0 0 0 0 0 0 0 X 0 0 0 0 X X 0 0 X X 0 0 0 0 X 0 0 0 0 0 X 0 0 0 X 0 X 0 0 0 0 0 0 0 0 0 0 0 0 X 0 0 0 0 X 0 0 X 0 X 0 X 0 0 0 0 0 X 0 0 0 0 X X 0 0 0 0 0 0 0 0 0 0 0 0 X 0 0 0 0 0 0 X 0 0 0 0 X 0 0 X 0 X X X X 0 0 0 0 0 0 0 0 0 0 X X
X 0 0 0 0 0 0 0 0 0 0 0 0 0 X 0 0 0 0 X X X 0 X 0 0 0 0 0 0 0 0 0 0 0 X X 0 0 0 0 0 0 0 0 0 0 0 0 0 0 X 0 0 0 0 0 X X X 0 X X X 0 0 0 0 0 X 0 0 0 X 0 0 0 0 0 0 0 0 0 0 X 0 0 0 0 0 0 0 0 0 X X 0 0 0 0 0 0 0 X X 0 0 0 0 0 0 0 0 0 0 X 0 0 X 0 0 0 X 0 X 0 0 0 0 0 0 X 0 0 X 0 0 0 0 0 0 X 0 0 0 X 0 X X 0 0 X 0 0 0 0 0 X X X X 0 0 X 0 0 0 0 0 X 0 0 0 0 0 0 0 0 0 0 X 0 0 0 0 0 0 0 0 0 0 0 0 0 0 0 0 X 0 X
X 0 0 0 0 0 0 X 0 0 0 0 0 0 0 0 X 0 X 0 X 0 0 0 X 0 0 X X 0 X 0 X 0 0 0 X 0 X 0 0 0 X X 0 0 0 X 0 0 X 0 0 X 0 0 0 0 0 0 0 X 0 0 0 0 0 0 0 0 X 0 0 X 0 0 0 X X 0 0 X 0 0 0 0 X 0 0 0 0 0 X X 0 0 X 0 0 0 0 0 0 0 X 0 X 0 0 X 0 0 X 0 0 X 0 X 0 X X 0 0 X 0 0 0 0 0 0 0 0 X 0 0 0 0 0 0 0 0 0 0 0 0 0 X 0 0 0 0 0 X 0 0 X 0 0 X 0 0 0 0 X 0 0 0 0 X 0 0 0 0 0 0 0 0 0 X X 0 0 0 X 0 X X 0 X 0 0 0 X X 0 0 0 0 X X
X X 0 X 0 0 0 0 0 0 0 X 0 0 0 0 0 X 0 0 0 0 X X 0 X 0 0 X X X 0 0 0 0 X 0 0 0 0 0 0 0 0 0 0 0 0 0 0 0 0 0 0 0 0 X 0 X X 0 0 0 X 0 0 0 0 0 0 0 0 X 0 0 0 0 0 0 0 0 0 X X 0 X 0 0 0 0 0 0 X X 0 X 0 0 0 0 0 0 0 0 0 0 X 0 0 0 X 0 0 0 0 0 X X 0 0 0 0 0 0 X 0 X 0 0 0 0 0 X X 0 0 0 0 0 0 0 0 0 X 0 0 0 0 0 0 0 0 0 X 0 X 0 0 0 0 0 0 0 0 0 0 X 0 0 0 0 0 0 0 X 0 0 0 0 0 0 0 0 0 X X 0 X 0 0 X 0 0 X 0 0 0 0 0 X
X X 0 0 0 0 0 0 0 0 0 0 0 0 0 0 0 0 0 X 0 0 0 0 0 X 0 0 0 0 X X 0 0 0 0 0 X 0 0 0 0 0 X 0 0 0 0 0 0 0 0 0 0 0 X 0 X X 0 0 0 0 0 0 0 0 X 0 0 0 0 0 X X X X 0 0 X 0 0 X 0 0 0 X 0 0 X X 0 0 0 0 0 0 0 X 0 0 0 0 0 0 0 0 0 X 0 X X 0 X X 0 0 0 0 0 0 X 0 0 0 0 0 X 0 0 0 0 0 X 0 0 0 0 0 X X X 0 0 X 0 0 0 0 0 0 0 0 0 0 0 X 0 0 0 0 0 0 0 X 0 0 X X 0 0 0 0 X 0 0 0 0 X 0 0 0 0 0 X 0 0 0 0 0 0 0 0 X 0 0 0 0 0 X
X X 0 0 0 0 X 0 0 0 0 0 0 0 0 0 X 0 0 0 X X 0 X 0 X 0 0 0 0 0 0 0 X 0 0 0 0 X X 0 0 0 0 X 0 0 0 0 0 0 0 0 0 0 0 0 0 0 X X 0 0 0 X 0 0 0 0 X 0 0 0 X 0 X 0 X 0 0 0 X 0 0 0 0 0 0 X X 0 0 X X 0 0 0 0 0 0 0 0 0 0 0 0 0 0 X 0 0 0 X X 0 X 0 0 0 0 0 0 0 0 0 0 0 0 0 0 0 0 0 0 0 0 0 0 X 0 X X 0 0 0 0 0 0 X 0 X 0 0 X X X 0 0 X 0 0 0 0 0 0 X 0 0 0 0 0 0 0 0 0 0 0 X 0 X 0 0 0 0 0 0 0 0 0 0 0 0 0 0 0 0 0 X 0 X
X X 0 0 0 0 0 0 0 0 0 0 X 0 0 0 0 0 0 0 X 0 0 X 0 0 0 X X 0 0 X 0 0 0 0 0 0 X X 0 0 X 0 0 0 0 X 0 0 0 0 0 0 X 0 0 0 0 0 0 0 0 0 X X 0 0 X 0 0 X 0 0 0 0 0 0 0 X 0 0 X 0 0 0 X 0 0 0 0 X 0 0 X 0 0 X 0 X 0 0 0 0 X 0 0 0 X X 0 0 0 0 0 0 X 0 0 X 0 X 0 0 0 0 0 0 0 0 0 X 0 0 0 0 0 0 0 0 0 0 0 0 0 X 0 0 0 0 X 0 0 0 0 0 0 0 0 X X 0 0 0 0 0 0 0 0 0 0 0 X 0 0 0 0 0 0 0 X X 0 0 0 0 0 0 0 0 X X 0 X 0 0 X 0 0 X
X 0 0 0 0 0 X 0 0 0 0 0 0 0 0 0 0 0 X 0 0 0 0 X 0 0 X X 0 0 0 0 0 0 0 0 0 X 0 0 0 0 0 0 0 0 0 0 0 0 0 0 0 0 0 0 0 0 0 0 0 0 0 0 0 0 0 X 0 0 X 0 0 0 X 0 0 0 0 0 0 X 0 0 0 X 0 0 X 0 0 0 X 0 0 X 0 0 0 0 X 0 0 X 0 0 0 X 0 0 0 0 0 0 0 0 0 0 X 0 X 0 X 0 0 0 0 0 0 0 X 0 0 0 0 0 0 0 X 0 0 0 0 0 0 X 0 0 0 0 X 0 0 0 0 0 0 0 0 0 0 0 0 X X 0 0 0 0 0 0 0 0 0 0 X 0 0 0 0 X X 0 0 0 X X 0 X X X 0 0 0 0 0 X 0 0 X
X X 0 0 0 X 0 X 0 0 0 X 0 X 0 0 X X 0 0 0 0 0 0 X 0 0 0 0 0 0 0 0 0 0 0 X 0 0 0 0 0 0 0 X 0 X 0 X 0 0 0 0 0 0 0 0 0 0 0 0 X 0 0 0 0 0 X 0 X 0 0 X 0 X 0 0 0 0 X 0 0 0 0 X X 0 0 0 0 X 0 X 0 0 X 0 X 0 0 0 X 0 0 0 X 0 0 0 X X X 0 0 0 0 X 0 X 0 0 0 0 X 0 X X 0 X 0 0 0 0 0 0 0 0 X 0 0 0 0 0 0 X X 0 X X 0 0 0 0 0 0 0 0 0 X 0 X 0 X 0 0 X X X X X 0 0 0 0 X 0 0 0 0 0 0 0 X X 0 X X 0 0 X X 0 0 0 0 0 0 0 0 X
X X 0 0 X 0 X 0 0 X 0 0 0 X 0 X 0 0 0 0 0 0 0 0 0 0 X 0 X 0 0 X X 0 0 0 0 X 0 0 0 0 0 X X 0 0 X 0 0 0 X 0 0 0 0 X X 0 0 0 0 X 0 0 0 0 0 0 X 0 0 0 0 0 0 0 0 0 0 0 0 0 0 0 0 0 0 0 X 0 0 0 0 0 0 0 X 0 0 0 0 0 0 0 X 0 0 0 0 0 0 0 0 0 X 0 0 X 0 0 X 0 0 0 0 0 X 0 0 0 X 0 0 0 0 0 0 X X 0 0 0 0 X 0 0 0 0 X 0 0 0 0 0 0 0 0 0 0 0 X 0 X 0 X 0 0 0 0 0 0 X 0 0 0 0 0 0 0 0 0 X 0 X X 0 0 0 0 0 0 0 0 0 0 0 X X X
X 0 0 X 0 0 0 0 0 0 0 0 0 0 0 X 0 0 0 0 0 0 0 0 0 X 0 0 0 0 0 0 0 X 0 0 0 0 0 0 0 0 0 0 0 0 0 0 0 0 X 0 X 0 0 0 X 0 0 0 0 0 0 0 0 0 0 0 0 0 0 0 X 0 0 0 0 0 X 0 X 0 0 0 X 0 0 0 0 0 0 0 0 0 0 0 0 0 0 0 X 0 0 0 0 X 0 0 0 0 0 X 0 0 0 0 0 0 0 0 0 0 X 0 0 0 0 0 0 X 0 0 X 0 X 0 0 0 X 0 0 0 0 X 0 0 0 0 X 0 0 0 0 X X 0 0 0 0 X 0 0 0 X 0 0 X 0 0 0 0 0 0 X 0 0 0 0 0 X X X X 0 X X 0 0 0 X 0 0 0 0 0 0 0 0 X X
X X 0 0 0 0 X 0 X 0 0 0 0 0 X 0 0 X X 0 X 0 0 0 0 0 0 X 0 0 0 0 0 X X 0 0 0 0 X 0 0 0 X 0 0 0 0 X 0 0 0 0 0 X 0 0 0 X 0 0 0 0 0 0 0 X 0 0 0 X X 0 0 0 0 X 0 0 0 X 0 0 0 X 0 0 0 0 0 X 0 0 0 0 0 0 X 0 0 0 0 0 0 0 0 0 0 0 0 0 0 0 X X 0 0 0 0 0 X 0 X X 0 X 0 X 0 0 0 0 0 0 0 0 0 0 0 0 0 0 0 0 0 X 0 0 0 0 0 0 0 0 0 0 0 0 0 0 0 X 0 0 0 0 0 X 0 0 0 0 X 0 0 0 0 0 X 0 X X 0 0 X X 0 0 0 0 0 0 X 0 0 0 X X 0 X
X 0 0 0 0 X 0 0 0 X 0 0 0 0 0 0 0 X X 0 0 0 0 0 0 X 0 0 X X X 0 0 0 0 0 0 0 0 0 X X 0 X 0 0 0 0 0 0 X 0 0 0 0 0 0 0 0 0 0 X 0 X 0 0 0 0 0 0 X 0 0 0 0 0 0 0 0 0 0 0 0 0 X 0 0 0 X 0 0 X X 0 X X 0 0 X 0 0 X 0 0 X 0 X 0 X 0 0 0 0 0 0 0 0 0 0 0 0 0 0 0 0 0 0 0 0 X 0 0 X 0 0 0 0 0 0 0 0 0 0 X 0 0 X 0 X 0 0 0 0 0 X 0 0 0 0 X 0 X 0 0 0 0 0 0 0 0 0 0 X 0 0 X 0 0 0 0 0 0 0 0 X 0 0 0 0 X 0 0 0 X X 0 X 0 0 X
X 0 0 X 0 0 0 0 0 0 0 X 0 0 0 0 0 0 0 0 0 0 0 0 X X 0 0 0 0 0 0 0 X X 0 0 0 0 0 0 X 0 0 0 0 X 0 0 X 0 X 0 0 0 0 0 0 0 X X X X 0 0 0 0 0 X 0 0 0 0 0 0 0 0 X 0 0 0 0 0 X X 0 0 0 X X 0 X X X 0 0 0 0 0 0 0 0 0 0 0 0 X 0 0 0 0 X 0 0 0 X 0 X X 0 0 0 0 0 X 0 0 0 0 0 0 0 X X X 0 X 0 0 0 X 0 0 0 0 0 0 X 0 0 0 X 0 0 0 X 0 0 0 X 0 0 X 0 X X X 0 0 0 0 0 0 0 0 0 X 0 0 0 X 0 X 0 0 0 0 X 0 X 0 X 0 X 0 0 0 X X X
X 0 0 0 0 0 0 0 0 0 0 0 0 0 0 X 0 X 0 0 0 X 0 0 0 0 X 0 X 0 0 X X 0 0 0 X 0 X 0 0 0 0 0 0 0 0 0 0 0 0 0 0 0 0 0 X 0 X 0 0 0 0 0 X 0 0 X 0 0 X 0 X 0 0 0 0 0 0 0 0 0 0 0 X 0 0 0 0 X 0 0 0 X 0 0 X 0 0 0 0 0 X 0 0 0 0 0 0 0 X 0 0 X 0 0 0 0 0 X X X 0 0 X 0 0 X 0 0 0 X 0 0 0 0 0 0 X X 0 0 0 X 0 0 0 X 0 0 0 X 0 0 0 0 0 0 0 0 0 X 0 0 0 0 0 0 0 X X 0 0 0 0 0 0 0 0 0 0 0 X 0 0 0 0 X 0 0 X 0 0 X 0 0 0 X 0 X
X 0 0 0 0 0 0 0 0 X X 0 0 0 0 0 0 0 0 0 X X 0 0 0 0 0 0 0 X 0 0 0 0 0 0 X 0 X 0 0 0 0 0 X 0 0 0 0 0 0 0 0 0 0 0 0 X 0 0 0 0 0 0 0 0 0 0 0 0 0 0 0 0 0 0 0 X 0 0 0 0 0 0 X X 0 0 0 X 0 0 0 0 0 0 0 X 0 0 0 0 X 0 0 0 0 0 0 X 0 0 X 0 0 0 X 0 0 0 0 0 0 0 0 0 0 0 0 X 0 0 0 0 0 X 0 0 0 0 0 0 0 0 X 0 0 X 0 X 0 0 0 0 0 0 0 0 0 0 0 0 0 0 0 X X X 0 X 0 0 0 0 0 0 0 0 0 0 0 0 X 0 0 X 0 0 0 X 0 0 0 0 0 0 0 0 0 X
X 0 0 0 0 0 0 0 X 0 0 0 0 0 0 0 X 0 0 0 0 0 0 0 0 0 0 0 0 X 0 X 0 X 0 0 X 0 0 0 0 X 0 X 0 0 0 0 X 0 0 0 X 0 0 X 0 0 0 X 0 0 0 X 0 0 0 0 0 0 0 0 0 0 X 0 0 0 0 0 0 X 0 0 0 0 0 0 X X 0 0 0 X 0 0 0 X 0 0 0 0 0 0 0 X 0 0 0 0 X X 0 0 0 0 0 0 0 0 0 0 0 0 0 0 0 0 X 0 0 X 0 0 0 X 0 0 0 0 X 0 0 X 0 0 X 0 0 X 0 0 X 0 0 0 0 X 0 X 0 0 0 0 0 X X 0 X 0 0 0 0 X X 0 0 0 X 0 0 0 0 0 X 0 X 0 0 0 0 0 0 X 0 X 0 0 0 X
X 0 0 0 X 0 0 0 0 0 X 0 0 0 0 0 0 0 0 0 0 0 0 0 X 0 0 0 0 X 0 0 X 0 0 0 0 X 0 X 0 0 0 0 X 0 0 0 0 X 0 X 0 0 0 0 0 0 0 0 0 0 0 0 0 0 0 0 0 0 0 0 X X 0 0 0 0 0 0 X 0 0 0 0 0 0 0 0 0 0 0 0 X 0 0 0 X X 0 0 0 0 0 0 0 0 0 X 0 0 0 0 0 X X 0 0 0 X 0 0 0 0 0 0 0 0 0 0 X 0 0 0 0 0 0 0 X 0 0 0 0 X 0 X 0 X 0 0 0 0 X 0 X 0 0 0 0 0 X 0 0 0 0 0 0 0 X 0 0 X 0 0 0 0 0 X 0 0 0 0 0 0 0 X 0 0 0 0 0 0 0 0 0 0 0 X 0 X
X 0 0 0 X 0 0 0 X 0 0 0 0 X 0 0 0 0 0 0 0 0 0 X 0 0 0 0 0 0 0 0 0 0 0 X 0 0 0 X 0 0 0 X 0 X 0 0 0 0 0 0 0 0 X 0 0 0 0 0 0 0 0 0 X 0 0 0 0 X 0 0 0 0 0 0 X 0 0 0 X X 0 0 0 0 0 0 0 0 0 0 0 0 X 0 0 0 X 0 0 X X 0 0 0 0 0 0 0 0 0 0 0 0 0 0 0 0 0 0 0 X 0 0 0 X 0 0 0 0 0 0 0 0 0 0 0 0 0 0 X 0 X 0 0 0 X 0 X X 0 0 0 0 0 0 0 0 0 0 0 0 0 0 0 0 0 0 0 X 0 0 0 0 X 0 0 0 0 0 X 0 0 X 0 0 0 0 X 0 0 X 0 0 0 0 0 0 X
X 0 0 0 0 0 0 0 0 0 0 0 0 X 0 0 X 0 X 0 0 0 X 0 0 0 0 0 0 0 0 0 X 0 X 0 0 0 X 0 0 0 0 0 0 0 X 0 0 X 0 0 0 0 0 X 0 X X 0 0 0 X 0 0 0 0 0 X X 0 0 0 X 0 0 0 0 X 0 0 X 0 0 X X 0 0 0 0 0 0 0 0 0 X X 0 0 0 0 0 0 0 0 0 0 0 X 0 0 0 0 0 0 0 0 0 X 0 X 0 0 0 0 0 X 0 0 0 X 0 0 0 0 0 0 X 0 X 0 0 X X 0 X X X 0 0 0 0 0 0 0 0 0 0 0 0 0 0 0 X 0 0 X 0 0 0 0 0 0 0 0 0 0 0 0 0 0 0 X 0 0 0 X X 0 0 0 X 0 0 0 X 0 X 0 X
X 0 0 0 0 0 0 0 X 0 0 0 0 X 0 0 0 0 X X 0 0 0 0 X 0 0 0 0 0 0 0 0 0 X 0 X 0 0 X X 0 0 X 0 0 0 0 0 X 0 0 0 0 0 0 0 0 0 0 0 0 0 0 0 0 0 0 0 0 0 X 0 0 0 0 0 0 0 0 0 0 0 0 0 0 0 0 X 0 X 0 0 0 0 0 X X 0 0 0 X 0 0 0 0 0 0 X 0 0 0 0 X 0 0 X 0 0 0 0 0 0 0 X 0 0 0 X 0 X X 0 X 0 0 0 X 0 X 0 X 0 X 0 0 0 0 X 0 X 0 X X 0 X 0 0 0 X 0 0 0 0 X 0 0 0 0 0 0 0 0 0 0 0 0 0 0 0 0 X 0 X 0 0 0 0 0 0 0 X X 0 0 0 X 0 0 X
X 0 0 X 0 0 0 0 0 0 X 0 0 0 0 X 0 0 0 0 X 0 0 0 0 0 0 0 0 0 X 0 0 0 0 X 0 0 0 0 0 0 0 0 0 0 X 0 0 X 0 0 0 0 0 0 0 0 0 0 X 0 X 0 X 0 0 X 0 0 0 X 0 X 0 0 0 0 0 0 0 0 0 0 0 0 X 0 0 0 0 0 0 X 0 0 X 0 0 0 0 0 0 0 0 X 0 0 0 X 0 0 0 0 X 0 0 0 X 0 X 0 0 X 0 0 0 0 0 0 0 0 X 0 X 0 0 X 0 X 0 X 0 X 0 0 0 X X X 0 0 0 0 0 X 0 X 0 0 0 0 0 0 0 0 0 X 0 0 X X 0 0 0 0 X 0 0 X 0 0 X 0 0 X 0 0 0 0 0 0 X 0 0 0 0 0 0 X
X 0 0 X 0 0 0 0 0 0 0 0 0 0 0 0 0 X 0 0 0 0 0 X 0 0 0 0 0 0 X 0 0 0 X 0 0 0 0 X 0 0 0 0 0 0 0 0 0 0 0 0 0 0 0 0 0 0 X 0 0 0 0 0 0 0 0 0 X 0 X 0 0 0 0 0 0 0 0 0 0 0 0 0 0 0 0 0 0 0 0 0 X 0 0 0 0 X 0 X X 0 0 0 0 0 0 0 0 X 0 0 0 0 0 0 0 0 0 X 0 X 0 X 0 0 X X 0 0 0 0 0 X 0 0 0 0 0 X 0 0 0 0 0 0 0 0 0 0 0 0 0 X 0 X 0 0 0 0 0 0 0 X 0 0 0 0 0 0 X 0 0 0 0 0 0 0 0 0 0 0 0 X 0 0 X 0 0 0 0 0 0 0 X X 0 0 0 X
X 0 X 0 0 0 0 0 X X 0 0 0 X 0 0 0 0 0 0 X 0 X 0 0 0 0 0 0 0 0 0 0 0 0 0 0 X 0 0 0 X 0 0 0 0 0 X 0 0 0 0 0 0 0 0 0 0 0 X 0 0 0 0 0 0 0 0 0 0 0 X 0 X 0 0 X 0 0 0 X 0 0 0 0 0 0 0 0 X 0 0 0 0 0 0 0 0 X 0 0 0 0 X X 0 0 0 0 X 0 0 0 0 X X 0 0 0 0 0 0 X 0 0 0 0 0 0 X 0 0 0 X 0 X X 0 0 X 0 X 0 0 X X X 0 0 X 0 0 X X 0 0 0 X 0 0 X 0 0 X 0 X 0 X 0 0 0 0 0 0 0 X 0 0 0 X 0 0 0 0 X 0 0 X 0 0 0 0 X 0 0 0 0 0 0 X
X 0 0 0 0 0 X 0 0 0 0 0 0 0 0 0 0 0 X 0 0 0 0 X 0 X 0 0 0 X X 0 0 0 0 0 0 X X 0 0 X 0 0 0 0 0 X 0 X 0 0 X 0 0 0 0 0 0 0 0 0 X 0 0 X 0 0 0 0 0 0 0 0 0 0 0 0 0 0 0 0 0 0 0 0 X 0 0 X X 0 0 0 X 0 0 0 X 0 0 0 X X 0 X 0 0 X X 0 0 0 0 0 0 0 0 0 0 0 0 0 0 X 0 0 0 0 0 0 0 X 0 X X 0 0 0 0 0 0 0 0 0 X X 0 0 0 X 0 0 0 X 0 0 0 X 0 X 0 0 0 0 0 X 0 0 0 0 0 X 0 0 0 0 0 0 0 0 X 0 0 0 X 0 0 X 0 0 0 0 0 0 0 0 0 X X
X X 0 0 X 0 X X 0 X X 0 0 0 0 0 0 0 X 0 0 0 0 0 X 0 0 0 X 0 0 0 0 0 0 X 0 0 0 0 0 0 0 0 0 0 0 0 0 X 0 0 0 0 0 X 0 X 0 0 X 0 0 0 0 X 0 X 0 0 0 0 0 0 0 X 0 0 0 0 0 0 0 0 0 0 0 0 X 0 X 0 0 0 0 0 X X 0 0 0 0 0 0 0 0 0 0 0 0 0 0 0 0 0 0 0 0 X 0 0 0 X 0 X X X 0 0 X 0 0 0 X X 0 0 0 0 0 0 0 0 X 0 0 0 0 0 0 0 X X 0 0 0 0 X X 0 0 0 0 0 0 0 X 0 0 0 0 0 0 0 0 0 0 0 0 0 0 0 X X 0 0 0 0 0 X 0 0 X X 0 0 X 0 0 X
X 0 0 0 0 X 0 0 0 X 0 0 X 0 0 0 0 0 X X 0 0 0 0 0 0 X X X 0 0 0 0 0 0 0 0 0 0 0 0 0 0 0 0 0 0 0 0 0 0 0 X 0 0 0 X 0 0 0 0 X 0 X 0 0 X 0 0 X 0 X 0 0 0 0 X 0 0 0 0 0 X 0 0 0 0 0 X 0 0 0 0 X 0 0 0 0 0 0 0 X 0 0 0 0 0 0 X 0 0 0 X 0 0 0 0 X X 0 X X 0 X 0 X 0 0 0 0 0 0 0 0 0 X 0 0 0 0 0 X X 0 0 X 0 X 0 0 0 0 0 0 X 0 0 0 0 X 0 X 0 0 0 X 0 0 0 0 0 0 0 0 X X X 0 X 0 0 X X X 0 0 0 0 0 0 X 0 0 0 0 0 0 0 X X
X 0 0 X 0 0 0 0 0 0 0 X 0 0 0 X 0 0 0 0 0 X 0 0 0 X 0 0 0 0 0 0 0 0 0 0 X 0 0 0 0 0 0 0 X 0 0 0 0 0 0 0 X 0 0 0 0 0 X 0 0 0 0 0 0 X 0 0 0 0 0 0 X 0 0 0 0 0 0 0 0 0 0 0 0 0 0 0 0 0 0 0 0 0 0 X X 0 0 0 0 0 0 0 0 X 0 0 0 0 X 0 0 0 0 0 0 0 X 0 0 0 0 0 0 0 X 0 0 0 0 0 0 0 0 0 0 0 0 X 0 0 0 0 0 0 X 0 0 X 0 0 0 0 0 0 0 X 0 0 0 X 0 0 0 X 0 0 0 0 X 0 X X 0 0 X X 0 0 0 X 0 0 X 0 0 0 0 0 0 0 0 0 0 0 0 0 0 X
X 0 0 0 X 0 X X 0 0 0 0 0 0 0 0 0 0 X 0 0 0 0 X 0 0 X X 0 X 0 0 0 0 0 0 0 0 0 0 X 0 0 0 0 0 X X 0 0 0 0 X 0 X X X 0 0 0 0 X X 0 0 0 X 0 X X 0 0 0 0 X 0 0 X X 0 X 0 0 0 0 0 0 0 0 0 0 0 0 0 X 0 0 0 X 0 X 0 0 0 X 0 0 0 0 0 0 0 0 0 0 0 X 0 0 0 0 0 0 X 0 0 X 0 0 X 0 0 0 0 0 0 0 0 X 0 X 0 0 X 0 0 0 0 0 0 0 0 0 0 0 0 0 X X 0 0 0 0 0 0 0 0 0 0 0 0 X 0 0 0 X 0 0 0 0 0 0 0 0 0 0 0 0 0 0 0 0 0 0 0 0 0 0 X X
X 0 0 0 0 0 0 0 0 0 0 0 0 0 0 0 0 0 0 0 0 X X X 0 0 0 0 0 0 0 0 X X 0 0 0 0 0 0 0 X 0 0 0 0 X 0 0 0 0 0 X 0 0 0 0 0 0 0 0 0 0 0 X 0 0 0 0 0 0 0 0 X 0 X 0 0 0 0 0 X 0 0 0 X X 0 X X 0 X X 0 X 0 X X 0 0 0 0 0 0 0 X 0 X 0 0 0 0 0 X 0 0 0 0 0 X 0 0 0 0 0 0 X 0 0 X 0 0 X 0 0 X 0 X 0 0 X 0 0 0 0 0 0 X 0 0 X 0 0 X 0 0 0 X 0 0 0 X 0 0 0 0 0 0 0 0 0 0 0 0 X 0 0 X 0 0 0 X 0 0 0 0 X 0 0 0 0 0 0 0 0 0 X X 0 X
X 0 0 0 0 0 0 0 0 0 0 0 0 X 0 0 0 0 0 0 0 0 0 0 X 0 0 0 0 0 0 0 0 0 0 X 0 0 0 0 0 0 X X X X 0 0 X 0 0 0 0 X 0 0 0 0 0 0 0 X X 0 X 0 0 0 X X 0 X 0 0 0 X 0 X 0 0 X 0 0 0 0 0 0 0 0 0 0 0 0 0 X 0 0 0 0 0 0 0 0 0 0 0 0 X 0 X 0 0 0 0 X X 0 0 X 0 0 X 0 0 X X 0 0 X 0 0 X 0 0 X 0 0 X 0 0 X 0 0 X 0 0 X X 0 0 0 0 0 0 0 0 0 0 0 0 0 0 0 X 0 0 0 0 0 0 0 0 0 0 0 X 0 0 0 0 X 0 0 0 0 0 0 X 0 0 0 X 0 0 0 0 0 0 0 X
X 0 0 0 0 0 0 0 0 0 0 0 0 0 X 0 0 0 0 0 0 X X 0 0 X 0 0 0 X 0 0 0 0 0 0 0 0 0 0 0 0 0 0 0 0 X 0 0 0 0 X 0 X 0 X 0 0 0 0 0 0 0 0 0 0 0 0 0 X 0 0 0 0 0 X 0 0 0 0 0 X 0 0 0 X 0 0 X X X X 0 0 0 0 0 X 0 0 0 0 0 0 X 0 X 0 0 0 0 0 0 0 0 0 0 0 0 0 0 X 0 0 0 0 0 0 0 0 0 X 0 0 X 0 0 0 0 0 X X 0 X 0 X 0 0 0 0 0 X 0 0 0 0 0 0 0 0 X 0 0 0 X 0 0 X 0 0 0 0 0 0 X X 0 0 0 0 0 0 0 0 0 X 0 0 0 0 0 X X 0 X X 0 X 0 X
X 0 0 0 0 0 X X 0 0 0 X X 0 0 0 0 0 X 0 0 0 0 0 0 0 0 0 0 0 0 X 0 X X X 0 X 0 0 0 0 X 0 X 0 0 X 0 0 0 0 0 X 0 0 X 0 X 0 X 0 X 0 0 0 0 0 0 0 0 0 0 X 0 0 0 0 0 0 X X 0 0 X 0 X 0 0 0 0 0 X 0 X 0 0 0 0 0 0 0 0 0 X 0 0 X 0 0 0 0 0 0 0 0 0 0 0 0 X 0 0 0 0 0 X 0 0 0 0 0 X X 0 0 X 0 X X 0 0 0 0 0 0 0 0 0 0 0 0 X 0 0 0 0 0 0 X X 0 0 0 X X 0 X 0 0 0 X 0 X 0 0 0 0 0 0 0 0 0 0 0 0 0 0 0 0 0 0 0 X X X 0 0 X X
X X 0 0 0 X 0 0 0 0 0 0 0 0 0 0 0 0 0 0 0 0 0 0 X 0 X 0 0 X 0 0 0 0 0 0 0 0 0 0 0 0 0 0 0 0 0 0 0 0 0 0 0 X 0 0 0 0 0 0 0 0 0 0 0 X 0 0 0 X 0 0 0 0 0 0 0 0 0 0 0 0 0 0 0 X 0 0 0 0 0 X X 0 0 X 0 X 0 0 0 0 0 X 0 0 0 0 0 0 0 0 0 0 0 0 0 0 0 0 0 0 0 X 0 0 0 0 0 X X 0 0 0 X 0 0 0 0 0 X 0 0 0 X X 0 0 0 0 0 0 0 0 0 0 X 0 0 0 0 0 0 X 0 0 0 0 0 X X 0 0 0 X X 0 0 0 0 0 0 X 0 X 0 X 0 0 X 0 0 0 0 X 0 X 0 X X
X 0 0 0 0 X X 0 0 0 0 0 0 X X 0 0 0 0 X X X 0 0 0 0 0 0 0 X X X 0 0 0 0 X 0 0 0 0 0 0 X X 0 0 X 0 0 X 0 0 0 0 0 0 0 0 0 0 0 0 0 0 0 0 0 0 0 0 X X 0 0 0 X 0 0 0 0 0 0 0 X X X 0 0 0 X 0 0 0 0 0 0 0 0 0 0 0 X 0 0 0 0 0 0 0 0 X X 0 0 0 0 0 0 0 0 0 0 0 0 0 0 X 0 0 0 0 0 0 0 X X X 0 X 0 0 0 0 0 0 0 0 0 X 0 X 0 0 0 0 0 0 0 X 0 0 0 0 0 0 0 0 X 0 0 X 0 0 0 0 0 X 0 0 0 0 0 0 0 X X 0 0 X 0 0 0 0 0 0 0 0 X X
X X 0 0 0 0 X 0 0 0 X 0 X 0 0 0 X 0 0 0 0 0 X 0 X 0 0 0 0 X 0 0 X 0 0 X 0 0 0 0 0 0 X 0 X 0 0 0 0 0 0 0 X X X X 0 X X 0 0 0 0 X 0 0 0 0 0 X X 0 0 0 0 0 X X 0 X 0 0 0 0 0 X 0 0 0 0 0 0 0 0 0 0 0 0 0 0 0 0 0 0 0 0 X 0 0 0 0 X X 0 X 0 0 0 0 0 X 0 0 0 0 0 X 0 0 0 0 0 X 0 X 0 0 0 0 0 0 0 0 0 0 0 0 0 0 0 X X 0 X 0 0 0 0 0 0 0 0 0 X X X 0 0 0 0 X X 0 0 X 0 0 0 0 0 0 X 0 0 X X X 0 0 0 0 0 X 0 0 0 0 0 0 X
X 0 0 0 0 0 0 0 0 0 0 0 0 0 0 0 0 0 0 X 0 0 0 0 0 0 0 0 0 0 0 0 0 0 0 0 0 0 0 0 0 0 0 0 0 0 0 X 0 0 0 X 0 0 0 0 0 0 0 0 0 0 0 0 0 X 0 0 0 0 X 0 0 0 X 0 X X 0 X 0 0 0 X 0 0 X X 0 0 0 0 X 0 0 X 0 0 0 0 0 0 0 X 0 0 0 0 X X 0 0 X 0 X X X X X 0 0 0 0 0 0 0 0 0 0 0 0 0 0 0 0 X X X X 0 0 0 0 0 X 0 0 0 X 0 0 0 0 0 0 0 X 0 0 X 0 0 X 0 0 0 0 X 0 0 X 0 0 0 X 0 0 0 0 0 0 0 0 0 X 0 0 0 0 X X 0 0 0 X 0 0 0 X X
X 0 0 0 0 0 X 0 0 0 0 0 0 0 0 0 0 X 0 0 0 X 0 0 0 X 0 0 0 0 0 0 0 0 0 0 0 0 0 0 0 0 0 0 0 0 0 X 0 0 0 0 0 X 0 0 0 X 0 0 0 X 0 0 0 0 0 0 X 0 X 0 0 0 X 0 X X 0 0 0 0 0 0 X 0 X X 0 0 0 0 0 0 X 0 0 0 0 X 0 0 0 0 X 0 0 0 0 0 0 0 0 0 X 0 X 0 0 0 X X 0 0 X X 0 0 0 0 0 0 0 X 0 0 0 0 0 0 0 X 0 0 X 0 X 0 0 0 0 0 0 0 0 0 0 0 0 0 0 X 0 0 X 0 0 0 0 0 0 X 0 0 0 0 0 0 X 0 0 0 0 0 0 0 0 0 X 0 0 0 0 0 0 0 0 0 0 X
X X 0 X 0 0 0 0 0 X 0 0 0 0 0 0 0 0 0 0 0 0 0 0 0 0 0 X 0 0 X 0 0 0 X 0 0 0 X 0 0 0 0 0 X 0 0 0 X 0 0 X 0 0 0 0 0 0 0 0 0 0 0 0 0 0 0 X 0 0 0 0 X 0 0 0 0 0 0 0 0 X 0 X X 0 0 0 0 0 0 X X 0 X X 0 0 0 0 X 0 X 0 X X 0 X 0 0 X X X 0 0 X 0 0 0 X X X 0 0 0 0 X X 0 0 0 0 X 0 X 0 0 0 0 0 0 0 0 0 0 0 X 0 0 0 0 0 0 0 X 0 0 0 0 0 0 0 X X 0 0 X X 0 0 0 0 0 0 0 0 0 0 X 0 0 0 0 0 0 0 X 0 0 0 X 0 X X 0 X 0 X X X
X 0 0 0 0 X 0 0 0 0 0 0 0 0 0 0 0 0 0 0 0 X 0 0 X 0 0 X 0 X 0 0 0 0 0 0 0 0 0 0 0 0 0 0 0 0 0 0 X 0 0 0 0 X 0 X 0 0 0 0 X 0 0 0 0 0 0 0 0 0 0 0 0 0 0 0 0 X 0 X 0 0 0 0 0 0 X X 0 0 0 0 0 0 X 0 0 0 0 0 0 0 0 0 0 0 0 0 0 0 X 0 X 0 0 0 X 0 0 0 0 0 0 0 0 0 0 0 X X 0 0 0 X 0 0 X 0 X 0 X 0 0 X X X X 0 0 0 X 0 0 0 X X 0 0 0 0 0 0 0 0 0 0 0 0 X 0 0 0 0 0 0 0 0 0 0 0 X 0 X 0 0 0 X 0 0 0 0 0 X X 0 0 X 0 X X
X 0 0 0 0 X 0 X 0 0 0 0 0 0 0 0 0 0 X 0 0 0 0 0 0 X 0 X X 0 X X 0 0 0 0 0 0 X 0 0 0 0 0 0 0 0 0 0 X X 0 0 0 0 X 0 0 0 0 0 X X 0 X 0 X 0 0 0 X 0 0 0 X 0 X 0 0 0 0 0 0 X 0 0 0 0 0 0 0 0 0 0 0 0 0 0 X X 0 0 0 0 X X 0 X 0 0 0 0 0 0 X 0 0 0 0 0 X 0 X 0 X X 0 0 0 0 X 0 0 X 0 0 0 0 0 0 X 0 X 0 0 0 X 0 0 0 0 0 X 0 0 0 0 X 0 0 0 X 0 0 0 0 X 0 0 0 0 X 0 0 0 0 0 0 0 0 0 0 0 0 0 0 0 0 0 0 0 0 0 X 0 0 X 0 X X
X 0 0 X 0 X 0 0 0 X X 0 0 0 0 0 0 0 X X X X 0 X 0 X X X 0 0 0 0 0 0 0 X 0 0 0 0 0 0 0 0 0 0 0 0 0 X 0 X 0 0 0 0 0 0 0 0 0 0 0 0 0 0 0 X 0 0 0 0 X 0 0 0 X X 0 0 X 0 X X X 0 0 0 0 0 0 0 0 0 0 0 0 0 0 0 X 0 X X 0 0 0 0 0 X 0 0 0 X 0 0 0 0 0 0 0 0 0 X 0 X X 0 X X 0 0 0 0 0 0 0 0 0 0 0 0 0 0 0 0 0 0 0 X 0 0 X 0 0 0 X X X 0 0 0 0 0 0 0 X 0 0 0 0 0 0 0 0 0 X 0 0 0 0 0 0 X 0 X X 0 X X 0 X 0 0 0 0 0 0 0 X
X 0 X X X 0 0 0 0 0 0 0 0 X 0 0 0 0 X X 0 0 0 0 X 0 0 0 0 0 X 0 0 0 0 0 0 0 0 0 0 0 0 X 0 0 0 0 0 0 0 0 0 0 0 0 X 0 X 0 X 0 0 0 0 0 0 0 0 0 0 0 0 0 0 X 0 0 0 0 0 0 0 0 0 0 0 0 0 0 0 0 X X 0 0 0 0 X 0 0 0 0 0 0 0 0 0 0 0 0 0 0 X 0 X X X 0 0 X 0 X 0 0 0 0 0 0 0 0 X 0 X 0 0 0 X 0 0 0 X 0 X 0 X 0 0 X 0 0 0 0 0 0 0 X 0 0 0 0 0 0 0 0 0 X 0 0 0 0 0 X 0 0 0 0 0 0 0 0 0 0 0 0 0 0 0 0 0 0 0 0 0 0 0 0 0 X X
X 0 0 0 0 0 0 0 0 0 X 0 X 0 0 0 0 0 0 0 0 X X 0 X 0 0 0 0 X 0 0 0 0 0 0 0 0 0 0 0 0 X X X 0 0 0 X 0 0 0 0 0 0 0 X X 0 0 0 0 X X X 0 0 0 0 0 0 0 0 0 0 0 0 0 0 0 0 X 0 0 X 0 0 0 0 0 0 0 0 0 0 X 0 0 0 0 0 X 0 0 0 0 X X 0 0 0 0 0 0 0 0 0 X 0 0 0 0 0 0 0 0 0 0 0 0 X 0 X 0 0 0 0 0 0 0 0 X X 0 X 0 0 0 0 0 X 0 X 0 X 0 X X X 0 X X 0 X X X 0 0 X 0 0 0 0 0 0 0 0 0 X X X 0 0 0 0 X X 0 X 0 X 0 0 0 0 X X 0 X X
X 0 0 0 0 X 0 0 0 0 X 0 0 X 0 0 0 0 0 0 0 0 X 0 0 0 0 0 X 0 0 X 0 0 0 0 X 0 0 0 0 0 0 0 0 0 X X 0 0 0 0 0 0 0 0 0 0 0 0 X 0 0 0 0 0 0 0 0 X 0 0 0 0 0 0 0 0 X 0 0 X 0 0 0 0 0 0 0 0 X 0 0 0 X 0 0 0 0 0 0 X X 0 0 0 X 0 0 0 0 X X 0 0 0 0 0 0 0 0 0 X 0 X 0 0 0 0 0 X 0 X X 0 0 0 0 0 0 0 X 0 0 0 0 0 0 X 0 0 0 X 0 0 0 X 0 0 0 0 X X 0 0 0 X 0 X 0 0 0 0 0 0 0 0 0 0 X 0 0 0 0 0 0 0 0 0 X 0 0 0 0 0 X 0 0 0 X
X 0 0 0 X 0 0 0 0 X 0 0 0 0 0 X X 0 0 0 0 0 0 0 0 0 X X 0 0 X 0 0 0 0 0 0 X X 0 0 0 0 0 0 0 0 0 0 0 0 0 0 0 0 0 0 0 0 0 0 0 0 0 0 0 0 0 X 0 0 0 0 X 0 0 0 X 0 0 0 0 0 X 0 X 0 0 0 0 0 0 X 0 X X X 0 0 0 0 X 0 0 0 0 0 X 0 X X 0 0 0 X 0 0 0 0 0 0 0 0 0 0 0 0 X 0 0 0 X 0 0 X 0 0 0 0 X 0 0 X 0 0 X 0 0 0 0 0 0 0 0 0 X X 0 0 0 0 0 0 0 0 0 0 X 0 0 0 0 0 0 0 0 X 0 0 0 0 X 0 X 0 0 0 0 0 0 X 0 0 X 0 0 X 0 0 X
X X X 0 0 0 0 0 0 0 0 0 X 0 0 0 0 X 0 X 0 0 0 X 0 0 0 0 0 0 0 0 0 0 0 0 0 0 X 0 0 0 0 0 0 0 X 0 0 0 0 0 0 0 0 0 0 0 0 0 0 X 0 X 0 X 0 0 0 0 0 X 0 0 0 X 0 0 0 X 0 0 0 0 0 0 0 0 0 0 0 0 0 0 0 0 0 0 0 X X 0 0 X 0 0 0 0 0 0 0 0 X 0 0 0 0 X 0 0 0 X 0 0 X X 0 0 0 0 X 0 0 0 0 0 0 0 0 0 0 0 0 0 0 0 0 0 0 0 0 0 0 X 0 0 X 0 0 X 0 0 0 0 0 X 0 0 0 0 0 0 X X 0 0 0 0 0 0 0 X 0 0 0 0 0 0 X 0 X X 0 0 0 0 0 0 0 X
X X 0 0 0 0 0 0 0 X 0 0 0 0 X 0 0 0 0 0 0 X 0 0 0 0 0 X X 0 0 0 X 0 0 0 0 X 0 0 X 0 0 0 0 0 X 0 0 0 0 X 0 X X X X X 0 0 X 0 0 0 X 0 0 0 0 0 0 0 0 0 X X 0 0 0 0 X 0 0 0 0 0 0 0 0 0 0 0 X 0 X 0 0 0 0 0 0 0 0 0 X 0 X 0 0 0 0 0 0 0 X 0 0 0 0 0 0 0 0 0 0 X 0 0 0 0 0 0 0 0 0 0 X 0 0 0 0 X 0 0 0 0 0 0 0 X 0 0 0 0 0 0 0 0 0 0 0 0 0 X X 0 0 0 X 0 0 X 0 X 0 0 0 0 0 X 0 0 0 X 0 0 0 X 0 0 0 0 X X 0 0 0 0 0 X
X 0 0 0 X 0 0 0 0 0 X 0 0 0 X X 0 X 0 0 X X 0 0 X 0 0 X X 0 0 0 X 0 X 0 0 0 0 0 0 0 0 0 0 0 0 0 0 0 0 0 0 0 0 0 X 0 0 X 0 X 0 0 0 0 0 0 0 X X 0 0 0 0 0 0 0 0 X 0 0 0 0 0 X X 0 0 0 0 0 0 0 0 0 X 0 0 X 0 X X 0 X 0 X 0 0 0 0 0 0 0 0 0 X 0 0 0 0 0 0 0 0 0 X 0 0 0 X 0 0 0 0 0 0 0 0 0 0 0 X 0 0 0 0 0 0 0 X 0 0 0 X 0 0 0 0 0 0 0 X 0 X 0 0 0 0 0 X 0 X 0 0 X 0 0 X 0 X X 0 0 0 0 0 X X X 0 0 0 0 X X 0 X X X
X 0 X X 0 0 0 0 X 0 0 0 0 0 X X 0 0 0 0 0 0 0 X 0 0 X X 0 0 0 0 X X 0 0 0 0 0 0 0 0 0 0 X X 0 0 X 0 0 0 X 0 0 0 0 0 X 0 0 0 0 0 0 0 X 0 X 0 0 0 X 0 0 X 0 X 0 0 0 X 0 0 0 0 0 0 0 0 0 0 0 0 X 0 0 0 0 0 0 0 0 0 0 0 0 0 0 0 0 X X 0 0 0 0 0 0 0 X X 0 0 X 0 0 0 X 0 0 0 0 0 0 0 0 0 0 0 0 0 0 X X 0 0 0 0 0 0 X X 0 0 0 0 X 0 0 0 0 0 0 0 0 0 0 0 0 0 0 0 0 0 X 0 0 0 0 0 0 X 0 0 0 0 0 0 0 0 0 0 0 0 0 0 0 0 X
X 0 X 0 0 0 0 0 0 0 0 0 X 0 0 0 0 0 0 X X 0 0 0 0 0 0 X 0 X 0 0 0 0 0 X 0 X 0 0 0 0 0 0 X 0 X 0 0 0 0 X 0 0 0 0 0 0 0 0 X 0 X 0 X X 0 0 X 0 0 0 0 X 0 0 0 X 0 0 0 0 0 0 X 0 0 0 0 0 0 0 0 0 0 0 0 0 0 0 0 0 X 0 0 0 0 0 0 0 X 0 0 0 0 0 0 0 X 0 0 0 X 0 X 0 0 0 0 0 0 0 0 X X 0 0 X X X X 0 0 0 X 0 X 0 X 0 0 X X X 0 0 0 0 0 0 X 0 0 0 0 0 0 0 0 0 0 0 X 0 0 0 0 0 0 0 X 0 0 0 0 0 0 0 0 X 0 0 0 0 0 0 0 0 0 X
X 0 X 0 0 0 0 0 0 0 0 0 0 0 X 0 0 0 0 0 0 X X X 0 0 0 X 0 X 0 0 0 0 X 0 0 0 0 0 0 0 0 X 0 X 0 0 0 X X 0 0 0 0 0 X 0 0 0 X 0 0 0 0 X X 0 0 0 0 0 0 0 X 0 0 0 0 0 0 0 X 0 0 0 0 0 0 0 0 0 0 0 X 0 0 0 0 0 0 0 0 0 0 0 0 0 0 0 X 0 0 0 0 0 0 X X 0 X 0 0 0 X 0 0 0 0 0 0 0 0 0 X 0 0 0 0 X 0 0 0 0 0 0 0 X 0 0 0 0 0 0 0 0 0 0 X 0 0 0 0 0 0 0 0 X 0 0 0 0 0 0 X 0 0 0 0 0 0 0 X 0 X 0 0 0 0 X X X 0 0 0 0 X 0 0 X
X 0 0 0 0 0 0 0 X 0 0 0 0 0 0 0 0 X 0 0 0 0 0 0 0 0 0 0 0 0 0 X 0 0 0 X 0 0 0 X 0 0 0 0 X X 0 X 0 0 0 0 X 0 0 0 0 0 0 0 0 X 0 0 0 0 0 X 0 0 0 X 0 X X X 0 0 0 X 0 X 0 0 0 0 0 X 0 X 0 0 0 0 0 0 0 0 0 0 0 0 0 0 X 0 0 0 0 0 0 0 0 X 0 0 0 0 0 0 0 0 X X 0 0 0 0 0 0 0 0 0 X X 0 0 0 0 0 0 0 0 0 0 0 0 0 0 0 0 0 0 0 0 X X 0 0 0 0 X 0 X 0 0 0 0 0 X 0 0 0 0 0 0 0 0 0 X 0 0 X 0 0 X 0 0 0 X 0 0 0 X 0 0 X 0 0 X
X 0 0 0 0 0 X 0 X 0 X 0 X 0 0 0 0 0 0 0 0 0 0 0 0 0 X 0 0 0 0 X X 0 0 0 0 X 0 0 0 0 0 0 0 0 0 0 0 0 0 0 0 X X 0 0 X 0 0 0 0 0 0 0 0 0 0 0 X 0 0 0 0 0 0 0 X 0 X 0 0 0 0 0 0 0 0 0 X 0 X 0 0 0 0 0 0 0 X 0 0 0 X 0 0 X X X X 0 0 0 0 0 0 X 0 X 0 0 0 X X 0 0 0 X 0 0 0 0 X X 0 0 0 0 0 0 0 0 X 0 0 0 0 X 0 0 0 0 0 0 0 X 0 0 0 X 0 0 0 0 0 0 0 0 0 0 0 0 X 0 0 0 0 0 0 0 0 0 0 0 0 0 0 X 0 0 X 0 0 0 0 0 X X X X
X 0 X 0 0 0 X 0 X 0 0 0 0 0 0 0 0 0 0 0 0 0 0 0 0 X 0 0 X 0 0 0 0 X 0 X 0 0 0 0 0 0 0 0 0 0 0 0 0 0 0 0 0 0 0 0 X X 0 0 X 0 X X 0 X X 0 0 0 0 0 0 X 0 0 0 0 X 0 0 X 0 0 0 0 0 0 0 0 0 0 0 0 X 0 0 0 0 0 0 0 0 0 0 0 0 0 0 X 0 0 X 0 0 0 X 0 0 0 0 0 0 X 0 0 0 0 0 X 0 0 0 0 0 0 0 0 X 0 0 0 0 X 0 0 0 0 0 0 X 0 0 X X 0 0 0 X 0 X 0 0 0 0 0 X 0 0 0 X 0 0 0 X 0 0 X 0 X X 0 0 0 0 0 0 X X 0 0 0 0 X 0 0 0 X 0 X
X 0 0 0 0 0 X X X X 0 0 0 0 0 0 0 0 X 0 0 0 0 0 0 0 0 0 0 0 0 0 0 0 0 0 0 0 0 0 0 X 0 0 0 0 X X 0 0 X 0 X 0 0 X 0 0 0 0 0 0 0 0 0 0 X 0 0 0 X X 0 X 0 0 0 0 0 0 X X 0 0 0 0 X X 0 0 0 0 0 0 0 X 0 0 0 0 X 0 X X 0 0 0 X 0 0 X 0 0 0 0 0 0 X X 0 0 0 0 0 X 0 0 0 0 0 X X 0 0 0 0 0 0 0 0 X X 0 0 0 0 0 X 0 X 0 X X X 0 0 0 0 0 0 0 0 0 0 X 0 0 0 0 X 0 0 0 0 0 0 0 0 X 0 0 0 0 0 0 0 0 X X 0 0 X 0 0 0 0 X 0 0 X
X 0 0 0 0 X 0 0 X 0 0 0 X 0 0 0 0 0 X 0 0 0 0 0 X X X 0 0 0 0 X 0 X 0 0 X 0 0 0 X 0 0 X 0 X 0 0 0 0 0 0 0 0 0 X 0 0 X 0 0 0 X 0 0 X X 0 0 0 0 0 X 0 0 0 0 0 0 0 0 0 0 0 0 0 X 0 0 0 0 0 0 0 0 0 0 X X 0 0 0 0 0 X 0 X 0 0 0 0 0 0 0 0 0 0 0 0 0 0 X 0 0 X 0 0 0 0 0 0 X 0 0 0 0 0 X 0 0 0 X 0 0 0 0 X 0 X X 0 0 0 0 0 X 0 0 0 0 0 0 0 0 0 0 0 0 0 0 X 0 0 0 0 0 0 0 0 0 0 0 0 0 0 0 0 X 0 0 0 0 X 0 0 0 X 0 0 X
X 0 X 0 X X 0 X 0 0 0 0 0 0 0 0 X X 0 0 0 0 0 0 0 0 0 0 X 0 0 0 0 0 0 0 0 X 0 0 0 0 X 0 0 0 0 0 0 0 0 0 0 0 0 0 X 0 X 0 0 X 0 X 0 X 0 0 0 0 X 0 0 0 0 0 0 0 0 0 0 0 0 0 0 0 0 0 X X X X X 0 0 0 X X 0 0 X 0 0 0 X 0 0 X 0 0 0 X 0 0 0 0 0 0 X 0 0 0 0 X X X X 0 0 0 0 0 0 0 0 0 0 0 0 0 0 0 0 0 0 X 0 0 0 0 0 0 0 0 0 X 0 X 0 0 X 0 0 X X X 0 0 X X 0 0 X 0 X 0 0 0 0 0 0 0 0 0 0 0 0 0 0 0 0 0 0 0 0 X 0 0 X X
X 0 0 0 0 0 0 X 0 X 0 0 0 X X 0 0 0 0 0 X 0 0 0 0 X 0 0 X 0 0 0 0 0 X 0 0 0 X 0 0 0 0 0 0 0 0 0 0 X 0 0 0 0 0 0 0 0 0 0 0 0 0 0 0 0 0 0 X X 0 0 0 0 0 0 0 0 0 0 X 0 0 X 0 0 0 0 0 0 X 0 X 0 0 0 0 X 0 X 0 X 0 0 0 0 0 X 0 0 0 0 0 0 0 0 0 0 0 0 0 0 0 0 0 0 0 0 0 0 0 0 X X 0 0 0 0 0 0 0 X 0 0 0 0 X 0 0 X 0 0 0 0 0 X X 0 0 0 X 0 X 0 0 X 0 0 0 0 0 X 0 0 0 0 0 X X 0 0 0 0 0 0 0 0 0 X 0 0 X 0 0 0 0 X 0 0 X
X 0 X 0 0 0 0 0 0 0 0 0 X 0 0 X 0 X 0 0 0 0 0 X 0 0 0 0 0 0 0 X X 0 0 0 X 0 0 0 X 0 0 0 0 0 X 0 0 X 0 X 0 0 X X 0 X 0 0 0 X 0 0 0 0 0 0 0 0 0 0 0 0 0 0 0 0 X 0 X 0 0 0 0 0 X X 0 X 0 0 X 0 0 0 0 0 0 0 0 X 0 0 X X X X 0 X 0 0 X 0 X X 0 0 0 0 0 0 0 0 0 0 0 0 0 X 0 0 0 0 0 0 0 0 0 0 0 0 0 0 0 0 0 0 0 X 0 0 0 0 0 0 0 X 0 0 0 0 0 0 0 0 0 0 X 0 X 0 0 0 X 0 0 0 0 0 0 X X 0 0 0 0 0 X 0 X X 0 0 0 0 0 X 0 X
X 0 0 0 0 0 0 X 0 0 0 0 X 0 0 0 0 0 0 0 0 0 0 X 0 0 0 0 0 0 0 0 0 0 X 0 0 0 0 0 0 0 X X X 0 0 X 0 0 0 X 0 0 0 0 0 0 X 0 0 0 X X X X 0 X 0 0 X 0 0 0 0 0 X 0 0 X 0 0 0 X X 0 X 0 0 0 0 0 0 0 0 0 X 0 0 0 X 0 0 0 0 0 0 0 X 0 0 0 0 0 0 0 0 X 0 0 0 0 0 0 X X 0 X 0 0 0 0 0 X 0 0 0 0 0 0 0 0 0 0 0 X 0 0 X X X 0 X 0 0 X 0 0 X X 0 0 X 0 0 0 0 0 0 0 0 0 0 0 0 X 0 0 0 X 0 0 0 0 0 0 0 0 0 0 0 0 0 0 X 0 X X X X
X X 0 0 X 0 0 0 X 0 0 0 X 0 X 0 0 0 0 0 0 0 X 0 0 0 0 0 0 0 X X 0 0 0 0 0 0 0 0 0 0 0 0 0 0 0 0 0 0 0 0 0 0 0 0 0 0 0 0 0 0 0 X 0 0 X 0 0 X 0 0 0 0 0 0 0 0 X 0 0 0 0 X X 0 X 0 0 0 0 0 0 0 0 0 0 X 0 0 X X 0 X 0 0 0 0 X 0 0 0 0 0 0 0 0 0 X X 0 0 0 0 0 X 0 0 0 0 X 0 0 0 X 0 0 X 0 0 0 X 0 0 0 0 0 0 0 X 0 0 X 0 0 0 0 X X 0 0 X 0 0 X 0 X 0 0 X 0 X 0 0 0 0 0 0 0 0 0 0 0 0 X 0 0 0 X 0 0 X X X 0 0 0 0 0 X
X 0 X X X 0 X 0 0 0 X 0 0 0 0 0 0 0 0 0 X 0 X 0 0 X 0 0 0 X X 0 X X 0 0 X 0 0 0 0 X X 0 X 0 0 X 0 X 0 0 X 0 0 0 0 0 0 0 0 0 X 0 0 0 0 0 0 0 0 0 0 0 0 0 0 0 0 0 0 X 0 0 X 0 0 0 0 0 X 0 0 0 0 0 0 X 0 0 X 0 X 0 0 0 0 0 0 0 0 0 0 0 0 0 X X 0 0 0 0 0 0 X 0 0 0 X 0 0 0 0 X X 0 0 X X 0 X 0 X 0 0 X 0 0 0 0 X 0 0 0 0 0 0 0 0 0 0 0 X 0 0 0 0 0 0 0 0 0 X 0 0 0 0 0 0 0 0 0 0 0 0 0 0 0 0 X 0 0 0 0 0 0 0 X X X
X X 0 0 0 0 0 0 0 0 0 0 0 X X X 0 0 0 0 0 0 0 0 0 0 0 0 0 0 0 X 0 X X 0 0 0 X 0 X 0 0 0 X 0 0 0 0 0 X 0 X X X 0 0 0 0 0 0 0 0 0 0 0 0 0 X 0 0 0 0 0 0 0 X 0 0 0 X 0 0 0 X 0 0 X 0 X X 0 0 0 X X 0 0 0 0 0 X 0 0 X 0 0 0 0 X X 0 0 0 X 0 0 0 0 X 0 0 0 0 0 X 0 0 0 0 0 0 0 X 0 0 0 0 0 0 X 0 X 0 0 0 X 0 0 X 0 0 0 X 0 X 0 0 0 0 0 0 0 0 0 0 0 0 0 X X 0 X 0 0 X 0 0 0 0 0 0 0 0 0 X 0 0 0 0 0 0 X 0 0 X 0 X 0 X
X X X X 0 0 0 0 0 0 0 X 0 0 0 X 0 X 0 0 0 0 X 0 0 0 0 0 0 0 0 0 0 0 0 0 0 0 0 X X X X X 0 X 0 0 0 0 0 X 0 0 0 0 0 0 0 0 0 X 0 0 0 X X 0 0 0 0 0 0 0 0 0 0 0 0 0 0 0 0 0 0 0 0 X 0 X 0 X 0 0 0 0 0 0 X 0 0 0 0 X 0 0 0 0 0 X 0 0 0 0 0 0 0 0 0 X 0 X 0 0 0 0 0 0 0 0 0 X 0 0 0 0 0 0 0 0 X 0 X 0 0 X X 0 X 0 0 0 X 0 0 0 0 0 0 0 0 0 X 0 0 0 0 0 0 0 0 0 0 0 0 0 X 0 X 0 0 0 0 0 X 0 0 0 0 0 0 0 X 0 0 0 0 0 0 X
X 0 X 0 0 X 0 0 0 0 0 0 0 0 X X 0 0 0 X X 0 0 0 0 X X 0 0 0 0 0 0 X 0 0 0 0 0 0 0 0 0 X 0 X 0 0 X 0 0 X 0 0 0 0 0 0 0 0 0 0 0 0 0 0 0 0 0 0 0 0 0 0 0 X 0 X X 0 0 0 X X 0 0 0 0 0 0 X 0 0 0 X 0 0 0 0 X 0 0 0 0 X 0 0 0 0 0 0 0 0 0 0 0 X 0 X 0 0 0 0 0 0 0 0 0 0 0 X 0 0 0 0 0 0 X 0 0 0 0 0 0 0 0 0 0 0 0 0 0 0 0 0 0 0 0 0 X 0 0 0 0 X 0 0 X 0 0 0 0 X X 0 0 X 0 0 0 0 X 0 0 X X 0 0 X 0 0 X 0 0 X 0 X 0 X X
X X 0 0 0 X 0 0 0 0 X 0 0 X 0 0 0 0 0 0 X 0 X 0 0 0 0 0 0 0 0 X 0 0 X 0 0 X 0 X X 0 0 0 0 0 0 0 X 0 0 0 0 0 X X 0 0 X 0 X 0 0 0 0 0 X 0 0 0 0 0 X 0 0 X 0 0 0 X 0 0 0 0 0 0 0 0 0 X 0 0 0 X 0 0 X 0 0 0 0 0 0 X 0 X 0 0 0 X 0 0 0 0 X 0 0 X X 0 X 0 0 0 0 0 X 0 0 0 0 0 0 0 X 0 0 0 0 0 X 0 0 X X 0 0 0 0 X X 0 0 0 0 0 0 0 0 0 0 X 0 0 0 0 0 0 0 0 0 0 0 0 0 0 0 0 0 0 0 0 0 0 X X 0 X 0 0 0 0 0 X 0 0 X 0 0 X
X 0 X 0 0 X 0 0 X 0 0 0 0 0 0 0 X 0 X 0 0 X 0 0 X 0 0 0 0 X X 0 0 X 0 0 0 0 0 0 0 0 0 0 0 0 0 0 0 0 0 0 0 0 0 0 X 0 0 0 0 X 0 0 0 X 0 X X 0 0 0 0 0 0 0 X 0 0 X 0 0 0 0 0 0 0 0 0 0 0 0 X 0 0 X 0 X 0 X 0 X X 0 0 0 0 0 X 0 0 0 0 0 X 0 0 0 X 0 X 0 0 0 X 0 0 0 0 X 0 0 0 X 0 0 0 0 0 0 X 0 0 0 0 X 0 0 0 0 0 0 0 0 0 0 0 0 0 0 0 0 0 X X 0 X 0 0 0 0 0 0 0 0 X X 0 0 0 X X 0 0 0 X 0 0 0 0 X 0 X 0 0 X 0 X 0 X
X 0 0 X 0 0 0 0 0 0 0 0 0 X 0 0 0 0 0 X 0 0 0 0 0 0 0 0 0 0 0 X 0 0 X 0 X 0 0 0 0 0 0 0 0 0 0 0 0 0 0 X X 0 0 X 0 0 0 0 0 0 0 0 0 X 0 0 X 0 0 0 0 0 0 0 X 0 0 X 0 0 0 X X 0 0 0 0 0 0 X 0 0 0 0 X X X X 0 0 0 0 0 0 0 0 0 0 X 0 X 0 0 0 0 X X 0 0 X 0 0 X 0 X 0 0 0 0 X X 0 X 0 0 0 0 0 X 0 0 0 0 0 X 0 X X 0 X X 0 0 0 0 0 0 0 0 0 0 0 0 X 0 X X 0 0 0 0 X X 0 0 0 0 0 X 0 0 0 0 0 0 0 0 0 0 0 0 0 0 0 0 0 0 X
X 0 0 0 0 0 0 0 0 0 0 X 0 0 0 0 0 0 0 0 0 0 0 0 0 0 0 0 0 0 X 0 0 0 0 0 X 0 0 0 0 X 0 0 0 X X 0 0 0 0 0 0 0 X 0 0 0 0 0 0 0 0 0 0 0 0 0 0 0 0 X 0 0 X X 0 X 0 X 0 0 0 X X 0 0 0 0 X 0 0 0 0 0 X 0 0 0 0 0 0 0 0 0 0 0 0 X X 0 X 0 0 0 0 0 0 0 0 0 0 0 X 0 0 X 0 0 X 0 X 0 0 0 X 0 0 0 0 0 X 0 0 0 0 X 0 0 X 0 0 0 X 0 0 0 0 0 0 X 0 0 X 0 0 0 X X X X 0 0 0 0 0 0 0 X 0 0 X 0 0 0 0 X 0 0 X 0 0 0 0 X 0 0 0 0 X
X X 0 0 0 0 0 0 X X 0 X X 0 0 0 0 0 0 0 X 0 X 0 X X 0 0 0 0 0 X 0 0 0 X 0 0 0 0 0 0 X 0 X 0 0 0 0 X X X 0 0 X 0 0 0 X 0 0 0 0 0 X 0 0 0 0 0 0 0 0 X 0 0 0 0 0 0 0 0 0 0 0 0 X 0 0 0 0 X 0 0 0 X X 0 0 0 0 0 0 0 0 0 0 X X 0 0 0 0 0 X X 0 X 0 0 0 0 0 X 0 0 0 0 0 0 0 0 0 X 0 0 0 0 0 0 0 0 0 X 0 0 0 0 0 0 0 0 0 0 0 0 0 0 0 0 0 X 0 X 0 0 0 0 0 0 0 X 0 0 0 0 0 0 0 X 0 0 0 0 0 X X 0 X 0 0 0 0 X 0 0 0 0 0 X
X 0 0 0 0 X 0 0 0 X 0 0 0 0 0 0 0 0 0 0 0 0 0 X X 0 0 0 X 0 0 0 0 0 0 0 0 0 0 0 0 X 0 0 0 0 X 0 0 0 X 0 X 0 0 0 0 X 0 0 0 0 0 0 0 0 0 0 0 X X 0 0 0 0 0 0 0 0 0 0 X 0 0 0 0 0 0 X 0 0 0 0 0 0 0 0 0 X 0 X 0 X X 0 0 0 0 0 X 0 X 0 0 0 0 0 0 0 0 X X X X 0 0 0 0 0 0 0 0 0 0 X 0 0 0 0 X 0 X 0 0 0 X 0 0 0 0 0 X 0 X 0 0 0 0 0 X X 0 0 0 X 0 0 0 0 0 0 0 X 0 0 X 0 0 X 0 0 0 0 0 X 0 0 0 0 X 0 0 0 0 X 0 X 0 0 X
X 0 X 0 0 0 0 0 X X 0 0 0 0 0 0 0 0 0 0 0 0 0 0 0 X 0 0 0 0 0 0 0 0 X 0 0 0 0 0 0 X 0 0 0 0 0 0 0 0 X 0 0 0 0 0 0 0 0 0 0 0 X 0 0 0 0 0 0 0 0 0 X 0 0 0 0 0 0 0 0 0 0 0 0 0 0 X 0 0 X 0 0 X X 0 0 0 0 0 0 0 0 0 X X 0 0 0 X 0 0 X X 0 0 0 0 X X X 0 0 0 X 0 X 0 0 0 0 0 0 0 0 X 0 0 0 X 0 0 X 0 0 0 0 0 0 0 0 X 0 0 0 X 0 0 0 0 0 0 0 0 0 0 0 0 0 X 0 X 0 0 0 0 0 0 0 0 0 X 0 0 X X X 0 0 0 0 0 0 0 X 0 0 0 0 X
X 0 0 0 0 0 0 0 0 X 0 0 X 0 0 0 0 X 0 0 0 0 0 X 0 0 0 0 0 0 0 0 0 0 0 0 0 X X X 0 0 0 0 0 0 0 X 0 0 0 0 0 X 0 0 0 0 0 0 0 0 0 0 0 0 0 0 0 0 0 0 0 0 0 X 0 X 0 0 0 0 0 0 0 0 0 X 0 0 0 0 0 X 0 0 0 0 0 0 0 0 0 0 0 X 0 0 X 0 0 0 0 0 0 0 0 0 0 X 0 0 0 0 0 0 X X 0 0 0 0 0 0 0 0 0 0 0 0 0 X 0 0 0 0 0 0 0 X X 0 X 0 0 X 0 X X 0 0 0 0 0 0 0 0 0 0 X X X X 0 0 0 0 0 X 0 0 0 0 0 0 X 0 0 X 0 0 0 0 X 0 0 0 X 0 X
X X X 0 0 0 X 0 0 0 0 0 0 0 0 X 0 0 0 0 0 X 0 0 X 0 0 X X 0 0 0 X 0 0 0 0 0 0 X X X 0 X 0 0 0 0 0 0 0 X X X 0 X X 0 0 0 0 X 0 0 0 0 0 0 0 X 0 0 X 0 0 X 0 0 0 0 0 0 0 X X 0 X 0 0 0 0 X 0 0 0 0 0 0 0 0 0 0 0 0 0 0 X 0 X 0 0 0 0 0 X 0 X X 0 X 0 X 0 0 0 X X 0 0 0 0 0 0 0 0 0 0 0 0 0 X 0 0 0 0 X 0 0 0 0 0 X 0 0 0 0 0 0 0 0 0 0 0 0 0 X 0 X 0 X 0 0 X X X 0 0 0 0 0 0 0 0 0 0 0 X X 0 0 0 0 X 0 X 0 0 X 0 X
X 0 0 0 X 0 0 0 0 0 0 0 0 0 0 X 0 X 0 0 X X 0 0 0 0 0 0 0 0 0 0 0 0 X 0 0 X 0 0 0 0 X 0 0 X 0 0 0 0 0 X 0 0 0 0 0 0 0 0 0 0 0 0 0 0 0 0 0 0 0 0 0 0 X 0 0 X 0 X X 0 0 0 0 0 0 X 0 0 0 0 0 0 0 0 0 0 0 X 0 0 0 0 0 0 0 0 X 0 X 0 0 0 0 X X 0 0 0 0 X 0 X 0 0 0 0 0 0 0 0 X X 0 0 0 0 0 0 0 X X X X 0 0 0 0 0 0 0 0 0 0 0 0 0 0 0 0 0 0 X 0 0 0 0 X 0 0 0 X 0 0 0 0 0 0 X 0 0 0 X 0 0 0 X X 0 0 0 X 0 0 0 X 0 X X
X X 0 0 0 0 0 X 0 0 0 0 X 0 X 0 0 X 0 0 0 0 0 0 X 0 0 0 0 0 0 0 X 0 0 0 0 0 0 0 0 X 0 0 0 0 0 0 X 0 0 0 0 0 X 0 0 0 0 0 0 X 0 X 0 0 0 0 0 0 X 0 0 0 0 0 X 0 0 0 0 0 0 X X 0 0 0 0 0 X 0 0 0 0 X 0 0 X 0 0 0 0 0 0 0 X X 0 0 X 0 0 0 0 0 0 0 0 X 0 X 0 0 0 X X X 0 0 X 0 0 0 X 0 0 0 0 0 0 0 0 X 0 0 0 0 0 X 0 0 0 X X 0 0 X 0 0 X X X 0 0 0 0 0 0 0 X 0 0 0 0 X 0 0 0 0 0 0 0 0 0 0 0 0 0 X X 0 0 X X 0 0 0 0 X
X 0 0 X 0 0 0 0 X 0 0 0 0 0 0 0 0 0 0 0 X 0 0 X 0 X 0 0 X X 0 0 0 X 0 0 0 0 0 0 0 0 0 0 0 0 0 0 0 0 X 0 X X 0 0 X 0 0 0 0 X 0 X 0 0 0 0 0 0 0 0 0 0 0 0 0 0 X X 0 0 X 0 0 0 0 0 0 0 X 0 0 0 0 0 0 0 0 0 0 X X 0 0 0 0 X 0 0 0 X 0 0 0 0 X 0 0 0 0 0 X 0 0 X 0 0 X 0 0 0 X 0 0 0 0 0 0 0 0 0 0 0 0 0 0 0 0 0 0 0 0 X 0 0 0 0 0 0 X 0 0 0 0 0 X 0 0 0 X 0 X 0 0 0 X 0 0 X 0 0 0 0 0 0 X 0 0 0 0 X X 0 0 0 0 0 0 X
X 0 X X 0 0 0 0 0 0 0 0 0 0 0 0 0 0 0 0 0 0 X 0 0 0 0 0 0 0 0 X 0 0 0 0 0 0 X 0 0 X X 0 0 0 X 0 X 0 0 X 0 0 X 0 0 0 0 0 0 0 0 0 X 0 0 0 0 X 0 0 X 0 X 0 0 X X 0 0 0 0 X 0 0 X X X X X X X 0 0 0 0 0 0 0 X X 0 0 0 0 0 0 0 X 0 X 0 0 0 0 X X 0 0 0 0 0 0 0 0 0 X 0 0 0 0 0 0 0 0 0 0 0 X 0 0 0 0 0 0 0 0 0 0 X 0 0 X 0 0 0 X 0 0 X 0 0 0 X 0 0 0 0 0 0 0 X 0 0 X 0 0 0 0 0 0 0 0 0 0 0 X 0 0 X X X 0 0 0 0 0 0 X
X 0 0 0 0 0 X 0 X 0 0 0 0 0 0 0 0 X 0 0 0 0 0 0 0 0 0 X 0 0 0 0 0 0 X 0 0 0 0 X 0 0 0 0 0 X 0 0 0 0 0 0 0 0 X 0 X 0 0 0 0 0 0 0 X 0 0 0 0 0 0 X 0 X 0 0 0 0 0 0 0 0 0 0 0 0 0 0 X X 0 0 0 X 0 0 X 0 0 0 0 X 0 0 0 0 0 0 X 0 0 0 0 0 0 0 0 X 0 X X 0 X 0 0 0 0 X 0 X 0 0 0 0 0 0 0 0 0 0 X 0 0 0 0 0 0 X 0 X 0 0 X 0 0 0 0 0 X 0 0 X X X 0 0 0 0 0 0 0 X 0 X 0 0 0 0 0 X 0 0 X 0 0 0 0 0 0 0 0 0 0 0 0 0 0 0 0 X
X 0 0 0 0 0 0 0 0 0 0 0 0 0 X 0 0 0 0 0 0 0 0 0 X X X 0 0 X 0 0 0 X 0 X 0 X 0 0 0 0 0 0 0 0 X X X X 0 0 X 0 0 X 0 0 0 0 0 0 0 0 0 0 0 0 X X 0 0 0 0 0 0 0 X 0 0 0 0 0 0 0 0 0 X 0 0 X 0 0 0 0 0 0 X 0 0 0 X 0 0 0 0 0 0 0 0 0 0 0 0 0 0 0 0 0 0 X 0 0 X 0 0 0 0 0 X 0 0 0 0 X X 0 0 0 0 0 0 0 X X 0 0 0 0 0 0 X 0 0 0 0 X 0 0 0 0 0 0 0 0 0 X X 0 0 0 0 0 0 0 0 X 0 0 0 0 0 0 0 0 0 0 0 0 0 0 X 0 X X 0 X 0 0 X
X 0 0 0 0 X 0 0 X 0 0 0 0 X 0 X 0 0 0 X 0 0 0 0 0 0 0 X 0 0 0 0 0 0 0 0 X 0 0 0 0 0 0 0 0 0 0 X 0 X 0 0 0 X 0 0 0 0 0 0 0 0 0 0 0 0 0 0 X 0 0 0 0 0 0 0 0 0 0 0 X 0 0 X 0 0 X 0 X 0 X 0 X 0 0 X 0 X X 0 0 0 0 0 0 0 0 0 0 0 0 0 0 X 0 0 0 X 0 0 0 X 0 0 0 X 0 0 0 0 0 0 X 0 0 0 X 0 0 X 0 0 X 0 0 0 X 0 0 0 0 X 0 0 0 0 0 X 0 0 0 0 0 0 X 0 0 X 0 0 X 0 0 X X X 0 0 0 0 0 0 0 X 0 0 0 0 0 0 0 0 0 X 0 0 0 0 0 X
X 0 0 0 0 0 0 X 0 0 0 0 0 0 X 0 0 0 0 0 X 0 X 0 0 0 0 X X X 0 0 X X 0 0 X 0 X 0 0 X 0 0 0 X X 0 X X 0 X 0 X X 0 0 0 0 0 X 0 0 0 0 0 0 0 0 0 0 0 0 0 X 0 0 0 0 0 0 0 0 0 0 0 0 0 0 0 X 0 0 0 X 0 0 0 0 0 0 0 0 0 X 0 0 0 0 X 0 0 0 0 X 0 0 0 X 0 0 0 0 0 X 0 0 0 0 X X 0 0 X 0 0 0 0 X 0 0 0 X 0 0 X X 0 0 X 0 0 0 X 0 0 0 X 0 0 0 0 0 0 0 0 0 0 0 0 X 0 0 0 0 X X 0 0 0 0 0 0 0 0 0 0 0 X 0 0 X 0 0 0 0 0 X 0 X
X 0 0 0 0 0 0 0 0 0 0 X 0 X 0 0 0 0 X 0 0 0 0 X 0 0 0 0 X 0 0 0 0 0 0 0 X X X 0 0 0 0 0 0 0 0 0 0 0 0 0 X 0 0 0 0 0 0 0 0 0 0 0 0 X X 0 0 0 X 0 0 0 0 0 0 0 0 0 0 0 X 0 0 0 0 0 0 0 0 0 0 X X 0 X 0 0 0 0 0 0 0 X 0 X 0 0 X X 0 0 X 0 0 0 X 0 X X X 0 X 0 X 0 0 0 0 0 0 0 0 0 0 0 0 0 0 X 0 0 0 0 0 X 0 0 0 0 X 0 0 0 X 0 0 0 0 0 0 0 0 X 0 0 X X 0 0 0 0 0 0 0 X 0 X 0 X 0 0 0 0 X 0 0 0 0 0 0 X 0 0 0 0 X 0 X
X 0 0 0 0 0 0 0 0 0 0 0 0 0 0 0 0 0 0 0 0 X 0 0 0 0 0 0 0 0 0 0 0 0 0 0 0 0 X 0 X 0 0 0 0 X X 0 0 0 X 0 0 0 X 0 0 0 0 0 0 0 0 0 0 0 0 X 0 0 0 X 0 0 0 0 0 0 0 0 0 0 0 X X 0 0 0 X 0 0 0 0 0 0 0 0 0 0 0 0 0 0 0 X 0 X 0 X 0 0 0 0 0 0 X 0 0 0 X 0 X 0 X 0 0 X 0 0 0 0 0 0 0 0 0 0 X 0 X 0 X 0 0 0 X 0 0 0 X 0 0 0 0 X 0 0 0 0 0 0 0 0 0 0 0 0 0 0 0 X 0 0 0 0 X 0 0 0 0 0 0 0 0 0 0 0 0 0 0 0 0 0 X X X 0 0 0 X
X 0 0 X 0 0 0 X 0 X X 0 0 X 0 0 0 0 0 0 0 0 0 0 0 0 0 0 0 0 0 0 X 0 X 0 0 0 0 0 0 0 0 X X 0 X 0 X 0 0 0 X 0 X 0 0 0 X 0 0 0 X 0 0 0 0 X X 0 0 0 X 0 0 X X 0 X 0 0 0 0 0 0 0 0 0 0 0 0 0 0 0 X X 0 0 0 0 0 0 X 0 0 0 0 0 0 0 X 0 X 0 0 0 0 X 0 0 0 0 X 0 0 X 0 0 X 0 0 0 0 0 0 0 0 0 0 0 X 0 0 0 0 X 0 0 0 X 0 0 0 X 0 X 0 0 X 0 0 0 0 X X 0 0 X 0 0 X 0 0 0 0 0 0 0 0 0 0 0 X 0 0 0 0 X 0 0 0 0 0 0 X 0 0 0 0 X
X 0 X 0 X 0 0 X 0 X 0 0 0 0 X 0 0 0 0 0 0 0 0 0 X X 0 0 0 0 X 0 0 X 0 X 0 0 0 X 0 0 0 0 0 0 0 0 0 0 0 0 0 0 0 0 0 0 0 0 0 0 0 0 0 0 0 0 0 0 0 0 0 0 X 0 0 0 0 0 0 0 0 0 0 0 X 0 0 X X 0 X X X X 0 0 0 0 0 0 0 0 0 0 0 0 X 0 0 X X 0 0 0 X 0 X 0 0 0 0 0 0 0 0 0 0 X 0 0 0 0 0 0 0 0 0 0 0 0 0 0 0 X 0 0 0 0 X 0 0 0 0 0 0 0 0 0 0 X 0 X X 0 0 X 0 0 0 0 0 X 0 0 0 0 X 0 0 X 0 0 X 0 0 X 0 X 0 0 0 X X 0 0 0 0 X
X 0 0 0 X X 0 0 X 0 0 0 0 0 0 X X 0 0 0 X 0 0 0 0 X 0 0 X 0 X 0 0 0 0 X 0 0 0 0 0 X 0 0 0 0 0 0 0 X 0 0 0 0 0 0 0 0 0 0 0 0 0 0 0 0 0 0 0 0 0 0 0 0 0 0 0 X X 0 X 0 X 0 0 0 X X 0 0 0 X 0 0 0 0 0 0 X 0 0 0 0 0 0 0 0 0 0 0 0 X 0 0 0 0 0 X X 0 0 0 X 0 X X 0 0 0 0 0 0 0 X 0 X 0 X 0 0 0 X 0 0 0 0 0 0 0 0 0 0 0 0 0 0 0 0 0 X X 0 0 0 0 0 0 X 0 0 0 0 0 X 0 0 0 X 0 0 0 0 0 0 X 0 0 0 0 0 0 0 0 0 X 0 X X 0 X
X 0 0 0 0 0 0 0 0 0 X 0 0 X 0 0 0 0 0 0 0 0 0 0 0 X 0 0 0 0 0 X 0 0 0 0 0 X 0 0 0 0 X X 0 0 0 0 0 0 0 0 X 0 0 0 X 0 0 0 0 X 0 0 0 0 0 X 0 X 0 X 0 X 0 0 0 0 0 X 0 0 X 0 0 X X 0 X 0 0 0 0 0 0 0 0 0 0 X X 0 0 0 0 X 0 X X 0 0 0 0 0 0 0 0 0 0 0 0 0 0 0 0 0 X X 0 0 0 0 0 0 X 0 0 0 0 0 0 0 0 0 0 0 0 X 0 0 0 0 0 0 0 0 0 0 0 0 0 0 X 0 0 0 0 0 0 0 0 X 0 0 0 X 0 0 0 X 0 X X 0 0 X 0 0 0 X 0 X 0 0 0 0 X 0 0 X
X 0 0 0 0 X 0 X 0 0 0 0 0 0 0 0 0 0 0 0 X X 0 X 0 0 0 0 0 X X 0 X 0 0 0 0 0 X 0 0 0 0 0 0 0 0 X 0 X 0 0 0 X 0 X 0 0 0 0 0 0 0 0 0 X 0 0 0 0 0 0 0 0 0 0 X X 0 0 X X 0 X 0 0 X 0 0 0 X 0 0 0 0 0 0 X X 0 0 X 0 0 0 X 0 X 0 0 0 0 0 0 0 X 0 X 0 0 0 X 0 0 0 X X 0 0 0 0 0 0 0 0 X 0 0 0 0 X 0 0 0 0 0 X 0 0 0 0 0 0 0 0 X X 0 0 0 0 0 0 0 0 0 0 0 0 0 0 0 X X 0 X X 0 0 0 0 X 0 0 0 0 0 0 X 0 0 X X 0 0 0 X 0 0 X
X X 0 X 0 0 0 0 0 X 0 0 0 0 0 0 X 0 0 X 0 X 0 0 0 0 0 0 X 0 0 0 X X X 0 0 0 0 0 0 0 X 0 0 0 X 0 0 0 0 0 0 0 0 0 0 0 X X 0 0 0 X 0 X X 0 0 0 0 0 0 0 X 0 0 0 0 0 0 X 0 0 0 X 0 0 0 0 0 X 0 0 0 0 0 0 0 0 0 X 0 0 0 0 0 0 0 0 0 X X 0 X 0 0 0 X X 0 0 0 0 0 0 0 X 0 X 0 0 0 0 0 0 0 0 0 0 0 0 0 0 0 0 0 0 0 0 X 0 X 0 0 0 0 0 0 0 0 0 0 0 0 0 0 0 0 0 0 X 0 0 0 X 0 0 0 0 0 0 0 0 0 X 0 0 0 X 0 0 0 0 0 X 0 0 X X
X X X 0 X 0 0 X 0 0 0 0 0 X 0 0 X X 0 0 0 0 X 0 0 0 0 0 0 X 0 0 0 0 0 0 X X 0 0 0 0 X 0 0 0 0 0 0 X 0 0 0 0 X X 0 0 0 0 0 0 0 0 X X 0 X X 0 X 0 0 X 0 X 0 0 0 0 0 X 0 X 0 0 0 0 0 X 0 0 X 0 0 0 0 0 0 X X X 0 0 0 0 X 0 0 0 0 0 0 0 0 0 0 0 0 0 0 X 0 0 0 0 0 X 0 0 0 0 X 0 0 0 0 0 0 0 0 0 0 0 0 0 0 X X 0 0 X X 0 0 0 0 0 X 0 0 0 0 X 0 X 0 0 0 0 0 0 0 X 0 X X 0 0 0 0 X 0 0 X 0 0 0 0 X 0 0 X 0 0 0 0 0 0 X
X 0 0 0 0 0 X 0 X 0 0 0 0 0 0 0 0 0 0 0 0 0 0 0 0 X 0 0 0 X 0 X 0 0 0 X 0 X 0 X 0 0 0 0 0 0 0 0 0 0 0 0 X 0 0 0 0 0 X 0 X 0 0 0 0 0 0 0 X 0 0 0 0 0 0 0 0 0 X 0 0 X 0 X 0 0 0 0 X 0 0 X 0 0 0 0 X 0 0 0 0 X 0 0 0 X 0 0 X 0 0 X 0 0 0 0 0 X 0 0 0 X X 0 0 0 0 0 0 0 0 0 0 0 0 0 0 0 0 0 0 0 0 0 0 0 0 0 0 X 0 0 0 0 0 0 X 0 X 0 0 0 0 0 X 0 X 0 0 0 0 X 0 0 0 0 0 0 X 0 0 0 0 X X 0 0 0 0 0 X 0 0 X 0 0 0 0 0 X
X 0 0 0 0 0 0 X 0 0 0 0 X 0 0 X 0 0 0 0 0 0 0 X X 0 0 0 0 0 X X 0 0 0 0 0 0 0 X 0 X 0 0 0 X 0 0 X 0 0 0 0 X 0 0 0 X X 0 0 X X 0 0 0 0 0 0 0 0 0 0 0 0 0 0 X 0 0 X 0 X X 0 0 0 0 0 0 X 0 0 0 0 0 X 0 0 0 0 0 0 0 0 0 X 0 0 0 X 0 0 0 0 X 0 0 0 X 0 0 X 0 X 0 0 X 0 0 0 X 0 0 0 0 X X 0 0 0 0 0 0 0 0 0 0 X 0 0 0 X 0 X X 0 0 0 0 0 0 X 0 0 0 0 0 X 0 0 X 0 0 0 0 0 X 0 0 0 X 0 0 0 X 0 0 0 0 0 0 0 0 0 0 0 0 0 X
X 0 0 0 X 0 0 0 0 0 X 0 0 X 0 0 0 0 X 0 0 X 0 0 0 X X 0 X 0 0 0 X 0 0 0 0 0 0 X 0 0 X 0 0 0 X 0 0 0 X X 0 0 0 0 0 0 X 0 0 0 0 0 0 0 X 0 X 0 X 0 0 X 0 0 0 0 0 0 0 0 0 0 0 0 0 0 0 X 0 0 0 0 X 0 X 0 X 0 0 0 0 0 0 0 X 0 0 0 0 X X X 0 0 X X 0 0 0 0 0 0 0 0 0 0 X 0 0 0 0 0 X X 0 0 0 0 0 0 X X 0 0 0 0 0 0 0 0 0 0 0 0 0 0 0 0 0 X X 0 X 0 X 0 0 0 0 0 X 0 0 0 0 0 X X 0 0 X 0 0 0 0 0 0 0 0 0 0 0 0 0 0 0 0 X
X 0 X 0 0 X X 0 0 X X 0 0 0 0 0 0 0 0 0 0 0 0 X X 0 X 0 0 0 0 0 0 0 0 0 0 X 0 0 0 0 0 0 X 0 0 0 0 0 0 0 X 0 0 0 X X X 0 0 0 0 0 X X 0 0 0 0 0 0 0 0 0 0 0 X X 0 0 X 0 0 X 0 0 0 0 0 0 0 0 0 0 X 0 X 0 X 0 0 0 0 X X 0 0 0 X X 0 0 0 X X 0 0 X 0 0 0 0 0 0 0 0 0 0 X 0 X 0 X 0 0 0 0 0 0 X 0 0 0 0 0 0 0 0 X 0 0 0 0 0 0 0 0 X X 0 0 X X 0 X 0 0 0 0 0 0 0 0 0 X 0 X 0 0 0 0 0 0 0 0 0 X 0 0 0 X 0 0 0 0 0 0 0 X
X 0 X 0 0 0 X 0 0 0 0 0 0 0 0 0 0 0 0 0 0 0 X 0 0 0 0 0 X 0 0 X 0 0 0 0 0 0 0 X 0 0 X 0 X 0 0 0 X 0 0 0 0 0 0 0 0 0 0 0 0 0 0 X X X 0 X 0 0 0 0 0 X 0 X 0 0 0 0 0 X 0 X 0 0 X X X 0 0 0 0 X 0 0 X 0 0 0 X 0 0 0 0 0 X 0 0 0 0 0 0 X 0 0 0 0 0 X X X 0 0 0 0 0 0 0 0 0 0 X X 0 0 0 X 0 X 0 0 0 X 0 0 0 0 0 0 0 0 0 0 0 0 0 0 0 0 0 0 0 0 0 0 0 X 0 0 X 0 0 0 0 0 X X 0 0 0 0 0 0 X 0 0 0 0 0 0 0 0 0 0 0 X 0 0 X
X 0 X 0 0 X 0 0 0 0 0 0 0 X 0 0 0 0 0 0 0 0 X 0 0 0 0 0 0 0 X X X 0 X 0 0 0 0 0 0 0 0 0 0 0 0 0 0 X 0 0 X 0 0 X 0 0 0 X 0 0 0 0 X X 0 0 X 0 0 X 0 0 0 0 0 0 0 X 0 0 0 0 0 0 0 X 0 0 0 0 0 0 0 0 0 0 0 0 0 0 0 X 0 0 0 0 0 0 X 0 0 0 0 0 0 0 X 0 X 0 0 0 0 X 0 0 0 0 0 0 X 0 0 0 0 0 0 0 0 0 0 X 0 X 0 X 0 X 0 0 0 X 0 0 0 X 0 0 0 0 X 0 0 0 X X 0 X 0 0 0 0 X 0 X X X X 0 X 0 0 0 0 X 0 0 0 0 0 X X 0 0 0 0 0 X
X X 0 0 0 X 0 0 0 0 0 X 0 0 0 0 0 X 0 X 0 0 X 0 0 0 0 X X 0 0 0 X 0 0 X 0 0 0 X 0 0 X 0 0 0 0 0 0 0 0 X 0 X 0 0 X 0 0 0 0 X 0 0 X 0 0 0 0 0 0 0 X 0 0 0 0 0 0 0 0 0 0 0 0 0 0 X 0 0 X 0 0 X 0 0 X X 0 0 0 X 0 X X X 0 0 0 X X 0 0 0 0 0 0 X 0 X 0 0 0 0 X 0 0 0 0 X 0 0 0 0 0 0 0 X 0 0 X 0 0 0 0 0 0 0 0 0 0 0 0 0 0 0 0 0 0 0 0 0 0 0 0 0 X 0 0 0 0 0 0 0 0 0 0 0 0 0 X 0 X 0 X 0 0 0 0 0 0 0 X 0 0 0 X 0 0 X
X 0 0 0 0 0 0 0 0 0 0 0 0 0 0 0 0 0 0 0 0 0 X 0 0 0 X 0 0 0 0 0 X 0 0 0 X 0 0 0 0 0 0 X X 0 0 0 0 0 0 X X X X 0 0 0 0 0 0 0 0 0 0 X 0 0 0 0 0 X 0 X 0 0 0 X 0 0 0 0 0 0 0 X 0 0 0 0 0 X 0 X 0 0 X 0 0 0 0 0 0 0 X 0 0 0 0 0 0 0 X 0 0 0 0 X X 0 0 0 0 0 0 0 0 0 0 0 X 0 0 0 0 0 0 0 0 X X 0 0 0 0 0 0 0 X 0 0 0 0 0 0 0 0 0 0 X 0 0 0 0 0 0 X 0 0 0 0 0 0 0 0 X 0 0 0 X X 0 0 0 0 0 0 0 0 0 0 0 0 X 0 0 0 0 0 X
X X 0 0 0 0 0 0 X 0 X X 0 0 0 0 0 0 0 X 0 0 0 0 0 0 0 0 X 0 0 X 0 0 0 0 0 0 X 0 0 0 X 0 0 X 0 X 0 0 0 0 0 0 0 0 0 0 0 0 0 0 0 X 0 X 0 0 0 0 0 0 0 0 0 0 0 X 0 0 0 0 X 0 0 0 0 X X 0 X 0 0 0 0 X 0 X 0 X X 0 0 X 0 0 0 0 X 0 0 0 0 X X 0 0 0 0 0 X 0 X 0 0 0 X 0 0 0 X 0 0 0 0 X 0 0 0 0 0 0 0 0 0 X 0 0 0 0 0 0 0 0 0 0 0 X X 0 0 0 0 X X X 0 0 0 0 0 0 0 X X X 0 0 0 0 0 X 0 0 X 0 X 0 0 0 0 0 X 0 0 X 0 X 0 X
X 0 0 X 0 X X 0 0 0 0 0 X 0 0 X X 0 0 0 0 0 0 X 0 X 0 X X 0 0 0 0 0 X 0 0 0 0 0 0 X 0 0 X X 0 0 0 0 0 0 0 0 0 X 0 0 0 X X 0 0 X 0 0 0 0 0 0 0 0 0 0 0 0 0 X X 0 X 0 0 0 0 0 0 0 0 0 X 0 0 0 0 0 0 0 X 0 0 0 0 0 0 0 X X 0 0 X 0 0 0 0 0 X 0 0 0 0 0 0 0 0 0 X 0 0 X 0 0 0 0 X 0 0 0 0 0 0 0 0 0 0 0 0 0 0 X 0 0 0 0 0 0 0 0 0 X 0 0 0 0 X 0 0 0 0 0 0 0 X 0 0 0 0 0 0 0 0 0 0 0 0 0 X 0 X 0 0 0 0 0 0 X X 0 0 X
X 0 0 0 0 0 0 0 X 0 0 0 0 0 0 X 0 0 0 0 0 0 X 0 0 X 0 0 0 0 0 0 0 0 0 0 X 0 0 0 0 0 X 0 0 X 0 0 0 0 0 0 0 X 0 0 0 0 0 X 0 0 0 0 0 0 0 0 X X 0 0 0 0 0 0 X 0 0 0 0 0 0 X 0 0 X 0 0 0 X 0 X 0 0 X X 0 0 0 0 0 0 0 0 0 0 0 0 0 0 X 0 0 X X 0 X 0 0 0 0 0 0 0 X 0 0 0 0 0 0 0 X 0 X 0 X X 0 0 0 0 0 X 0 0 0 0 X 0 0 0 X 0 0 0 0 0 0 X 0 0 0 0 0 0 0 X 0 0 0 0 0 0 X 0 0 0 0 0 0 0 0 0 X 0 X X 0 X 0 0 0 0 X 0 0 0 X
X 0 0 0 X X X 0 0 0 X 0 0 X 0 0 X 0 0 0 0 0 0 X 0 0 0 X 0 0 0 0 X X 0 0 0 X 0 0 0 0 0 0 0 0 0 0 0 0 0 0 0 X 0 0 0 X 0 0 0 0 X X 0 0 0 0 0 X X 0 0 0 0 X X 0 0 0 0 0 0 0 0 0 0 0 0 0 X 0 0 0 X 0 X 0 0 X 0 X 0 X 0 0 0 0 X X 0 X 0 0 0 X 0 X 0 0 0 0 X 0 0 0 0 0 X 0 0 X 0 0 0 0 0 0 0 0 0 X X 0 0 0 X X 0 X 0 X 0 0 X 0 0 0 0 0 0 0 X 0 0 0 0 0 0 X 0 0 0 X 0 X 0 0 X 0 0 0 0 0 0 0 0 0 0 X 0 0 0 0 X 0 0 0 0 X
X X 0 X 0 0 0 0 0 X 0 0 0 X 0 0 0 0 0 0 X X 0 0 X 0 0 X 0 0 0 X 0 X X 0 0 0 X X 0 0 X 0 0 0 0 X 0 0 0 0 0 0 0 0 0 0 0 X 0 0 0 0 X 0 X 0 X 0 0 0 0 0 X 0 0 0 X X 0 X 0 0 0 X 0 0 X 0 0 0 0 0 X 0 0 0 0 0 0 0 0 0 X 0 0 0 0 0 0 0 0 0 X 0 X X 0 0 X 0 0 0 0 0 X 0 0 0 0 0 X X 0 0 0 0 0 0 0 0 0 0 0 0 0 0 0 X 0 X 0 X 0 0 0 0 0 0 0 0 0 0 0 0 0 0 0 0 0 0 X 0 0 0 0 0 0 0 0 0 0 0 0 0 0 0 0 0 0 0 0 X 0 0 0 0 0 X
X 0 0 0 0 X 0 0 0 X 0 0 X 0 X 0 0 X 0 0 X 0 0 0 0 0 0 X X 0 X 0 0 0 X 0 X 0 0 0 0 0 0 X X 0 0 0 X 0 X 0 0 X 0 0 X 0 X X X 0 0 0 0 X 0 0 0 0 0 0 X 0 X 0 X X 0 X 0 0 0 0 0 0 0 0 0 0 X 0 X 0 X 0 0 X 0 0 X 0 X 0 0 0 0 0 0 0 0 0 0 0 0 X 0 X 0 0 X 0 0 0 X 0 X X 0 0 0 0 0 X 0 0 0 0 0 0 0 0 X 0 0 0 0 0 0 0 0 0 X 0 0 0 0 0 0 0 0 X 0 0 0 0 0 0 0 X 0 X 0 0 0 0 0 0 0 X 0 0 0 0 0 0 X X 0 X 0 0 0 0 0 X 0 0 0 X
X 0 0 0 0 0 X 0 0 0 0 0 0 0 0 0 0 0 0 0 0 0 0 X 0 0 0 0 0 X 0 X 0 0 X 0 X 0 0 0 0 X 0 0 X X 0 0 0 0 0 X X 0 0 0 0 0 0 0 0 0 0 0 0 0 0 X 0 0 0 0 0 0 0 0 0 0 0 0 0 0 0 0 0 0 X 0 0 X 0 0 X 0 0 0 0 0 0 0 X 0 0 0 0 0 X X 0 0 0 0 0 X 0 0 X X 0 0 0 0 0 0 0 0 0 0 0 X 0 X X 0 0 0 0 0 0 0 0 0 0 0 0 X 0 0 0 0 0 0 X X 0 0 0 0 0 X X 0 X X 0 0 0 0 0 X 0 0 X 0 0 0 0 X 0 0 0 0 X 0 0 X X 0 0 0 0 X 0 0 0 0 0 X 0 X
X X 0 0 0 0 0 0 0 0 0 0 X X 0 0 0 X 0 0 X X 0 0 0 X 0 0 X 0 X 0 0 0 0 0 0 0 X X 0 0 0 0 0 0 0 X 0 0 0 0 0 0 0 X X 0 0 0 0 0 0 0 0 0 X 0 0 0 0 0 0 0 0 0 0 0 0 0 0 0 0 0 0 0 0 0 X X 0 0 X 0 0 0 0 0 0 X X 0 0 0 0 X 0 0 0 0 0 0 0 0 0 0 0 0 0 0 0 0 0 0 0 0 0 0 0 0 0 0 0 0 X X 0 X 0 0 0 0 0 0 0 0 0 0 0 0 X 0 0 X X 0 0 X 0 0 X X 0 0 0 0 0 0 0 0 X 0 0 0 0 X 0 X 0 0 X 0 0 0 0 0 X 0 X X 0 0 0 X 0 0 0 X 0 X
X X 0 0 0 X X 0 0 0 0 X 0 0 0 0 0 0 X X 0 0 0 0 0 X 0 0 0 0 X 0 0 0 0 0 X X 0 0 0 0 0 0 0 0 X X 0 0 X X 0 0 0 X 0 0 0 0 0 0 X 0 0 0 0 0 0 0 0 X X X 0 0 0 0 0 X X 0 0 0 0 0 0 0 0 X 0 0 0 0 X 0 0 X X 0 0 0 0 0 0 0 X 0 X 0 0 0 0 X 0 0 0 0 0 0 0 X 0 0 X 0 0 0 0 0 0 0 0 0 X 0 X 0 0 0 0 0 0 0 0 X X 0 0 0 0 0 0 0 0 0 X 0 0 X 0 0 0 0 0 0 0 0 0 X 0 0 0 0 0 X 0 0 X 0 0 0 0 0 0 0 0 0 0 0 0 0 0 X 0 X 0 0 0 X
X 0 X 0 0 X 0 0 X 0 0 X 0 0 0 0 X 0 0 0 0 X 0 0 X X 0 0 0 X 0 0 0 0 X 0 0 0 X 0 X 0 0 X 0 0 0 0 0 0 0 0 0 0 0 0 0 0 0 0 0 0 0 0 0 0 0 0 0 0 0 0 0 0 X X X 0 0 0 X 0 X 0 0 0 0 0 0 X 0 0 0 0 0 0 0 0 0 X 0 0 0 X 0 0 0 0 0 0 0 X X 0 X 0 0 0 0 0 X 0 0 0 0 0 0 0 0 0 0 0 0 X X X 0 0 0 0 X 0 X 0 X 0 0 X 0 0 0 0 0 0 0 X 0 0 0 0 0 0 X 0 0 0 0 X X X X X 0 0 0 0 X 0 X 0 0 0 0 0 0 X 0 0 0 0 0 0 0 0 0 X 0 0 0 X
X 0 X 0 0 X 0 0 0 0 X 0 0 0 X 0 0 0 X X 0 X X 0 0 0 0 0 0 0 X 0 X 0 0 X X 0 0 0 X 0 0 0 X X 0 0 X 0 0 X X 0 X X 0 0 0 0 X X 0 0 0 0 0 0 X 0 0 0 X 0 0 0 0 X X X 0 0 0 0 0 0 0 0 0 0 0 X X 0 0 0 0 0 X X 0 0 0 0 0 0 0 0 0 0 0 0 0 X 0 X 0 X 0 X 0 0 X 0 0 X 0 0 X 0 0 0 0 0 0 0 0 0 0 0 0 0 0 0 X 0 0 X 0 0 X 0 0 0 0 0 0 0 X X 0 X 0 0 0 0 X 0 0 0 0 0 0 X 0 0 0 0 X 0 0 0 0 0 0 0 0 X 0 0 X X 0 0 0 0 0 0 0 X
X 0 0 0 X X 0 0 0 0 0 0 X X 0 0 0 X X 0 0 X 0 X 0 0 0 0 X 0 X 0 X 0 0 0 0 0 X 0 X 0 0 0 0 0 0 X 0 0 0 0 0 0 0 0 0 0 0 X 0 0 0 X X 0 0 0 0 0 0 0 0 0 0 0 X 0 0 0 0 X X 0 0 0 0 X 0 X 0 0 X 0 X 0 X 0 0 0 0 X 0 X 0 0 0 0 X 0 0 X 0 0 0 0 0 0 0 0 0 0 0 0 X 0 0 0 0 X 0 0 0 0 0 0 0 X 0 0 0 X 0 X X 0 0 0 0 0 0 0 X 0 0 0 0 0 X 0 X 0 0 0 X 0 0 0 0 0 0 0 0 0 0 0 0 0 X X 0 0 0 X 0 0 0 X 0 0 X 0 0 X 0 0 0 X 0 X
X 0 0 X X 0 0 0 0 X 0 0 0 X 0 0 0 0 0 0 0 0 X 0 X X X 0 0 0 0 0 0 0 0 X X 0 0 X 0 0 X 0 0 0 0 X 0 0 0 X 0 0 X 0 0 0 0 X 0 0 0 0 0 0 X 0 0 0 0 0 0 0 0 0 0 0 0 0 0 0 0 X 0 0 0 0 0 0 0 X 0 0 0 0 0 X 0 0 0 0 0 0 0 0 0 0 0 0 0 0 0 0 0 0 0 0 0 0 0 0 0 0 0 0 X 0 0 0 0 0 0 X 0 0 X 0 X 0 0 X 0 X 0 0 0 0 0 0 0 0 0 X 0 X 0 0 0 0 0 0 0 X 0 0 0 0 0 0 0 0 0 0 0 X 0 0 0 0 0 0 0 X X 0 0 0 0 0 0 0 X 0 X 0 0 0 0 X
X 0 0 0 0 0 0 X 0 0 0 0 X 0 0 0 0 0 0 0 0 0 0 0 0 0 0 X 0 0 0 0 0 0 0 0 X 0 0 0 0 0 X 0 X X X X 0 0 0 0 0 0 0 X X X 0 0 X 0 0 0 X 0 0 0 0 X 0 0 0 X 0 0 0 X 0 0 0 0 0 0 0 0 0 0 X 0 0 0 X 0 0 0 0 0 0 0 0 X 0 0 0 0 0 0 0 0 0 0 0 0 0 0 0 0 0 0 0 0 0 0 0 0 0 0 0 0 X 0 0 0 X X 0 0 0 0 0 0 0 0 0 0 X 0 0 0 0 0 0 0 0 0 0 0 0 X X 0 0 X 0 0 0 0 X X X X 0 0 0 0 0 0 0 0 0 0 X 0 0 0 0 0 0 X 0 0 0 0 0 X 0 X 0 X
X 0 0 0 0 X X 0 X 0 0 X 0 X 0 0 0 0 0 0 X 0 0 X 0 X 0 0 X 0 X 0 X X 0 X X 0 X 0 0 0 0 0 X 0 X X 0 0 0 0 0 0 X 0 X X 0 0 0 X 0 0 0 0 0 0 X 0 0 0 0 0 X 0 0 0 0 0 0 X 0 0 0 X X 0 X 0 0 0 X 0 X 0 0 X X 0 0 0 0 0 0 0 0 0 X 0 0 0 0 0 X 0 0 0 0 0 0 0 X 0 X 0 0 0 0 0 X 0 0 0 0 0 X 0 0 0 0 0 0 0 0 0 0 0 0 0 0 0 0 X 0 0 0 0 0 X X 0 0 0 0 0 0 0 X 0 X X X 0 0 0 X 0 X 0 X 0 0 0 0 0 0 0 0 0 X X X 0 0 0 0 0 0 X
X 0 0 0 X 0 X 0 0 0 X 0 0 X X 0 0 0 X X 0 X 0 0 0 0 0 0 0 X 0 0 0 0 0 0 0 0 0 0 0 0 0 0 0 X 0 X 0 0 0 0 0 0 X 0 0 0 0 0 X X 0 0 0 0 0 0 0 X 0 0 X 0 X X 0 0 0 0 0 X 0 X 0 0 X 0 0 X 0 0 0 0 0 0 0 X 0 X 0 0 X 0 0 X 0 X 0 0 0 0 0 0 0 0 0 0 0 X 0 0 0 0 0 0 0 0 0 0 0 0 0 0 0 0 0 0 0 0 0 X 0 X 0 0 0 0 0 0 0 X 0 X 0 0 X X X 0 0 0 0 0 0 0 X 0 0 0 0 0 0 0 0 0 0 0 0 0 X 0 0 X X 0 0 0 0 0 0 0 0 X 0 0 0 0 0 X
X 0 X 0 0 0 0 X X 0 0 X X 0 X X X 0 0 0 0 0 0 0 0 0 0 0 0 0 0 X 0 0 X 0 0 X 0 0 0 0 0 0 X 0 0 0 X 0 0 0 0 0 0 0 0 0 X 0 0 0 0 0 0 0 0 0 X 0 0 0 0 0 X 0 0 0 0 0 0 0 X X 0 X 0 0 0 0 X 0 0 0 0 0 0 X X 0 0 0 0 0 X 0 0 X 0 0 0 0 X 0 0 0 0 0 X X X 0 0 0 0 0 0 X 0 X 0 0 0 0 0 0 0 0 0 0 0 0 0 X 0 0 0 X 0 0 0 0 0 0 0 0 0 0 0 0 0 0 0 0 0 0 X 0 0 X 0 0 0 0 0 X 0 0 0 0 0 X 0 0 0 0 0 0 0 0 0 X 0 0 0 0 0 0 0 0
X X X X X X X X X X X X X X X X X X X X X X X X X X X X X X X X X X X X X X X X X X X X X X X X X X X X X X X X X X X X X X X X X X X X X X X X X X X X X X X X X X X X X X X X X X X X X X X X X X X X X X X X X X X X X X X X X X X X X X X X X X X X X X X X X X X X X X X X X X X X X X X X X X X X X X X X X X X X X X X X X X X X X X X X X X X X X X X X X X X X X X X X X X X X X X X X X X X X X X S X
Camino encontrado: (1, 0) -> (1, 1) -> (1, 2) -> (1, 3) -> (2, 3) -> (3, 3) -> (3, 4) -> (3, 5) -> (3, 6) -> (3, 7) -> (3, 8) -> (3, 9) -> (3, 10) -> (3, 11) -> (3, 12) -> (3, 13) -> (3, 14) -> (2, 14) -> (1, 14) -> (1, 15) -> (1, 16) -> (1, 17) -> (1, 18) -> (2, 18) -> (3, 18) -> (4, 18) -> (5, 18) -> (6, 18) -> (7, 18) -> (8, 18) -> (9, 18) -> (9, 19) -> (9, 20) -> (9, 21) -> (9, 22) -> (8, 22) -> (7, 22) -> (6, 22) -> (5, 22) -> (4, 22) -> (4, 23) -> (4, 24) -> (4, 25) -> (4, 26) -> (4, 27) -> (4, 28) -> (4, 29) -> (4, 30) -> (4, 31) -> (4, 32) -> (4, 33) -> (4, 34) -> (4, 35) -> (4, 36) -> (4, 37) -> (4, 38) -> (3, 38) -> (3, 37) -> (3, 36) -> (3, 35) -> (3, 34) -> (3, 33) -> (3, 32) -> (2, 32) -> (2, 33) -> (2, 34) -> (2, 35) -> (2, 36) -> (2, 37) -> (1, 37) -> (1, 38) -> (1, 39) -> (2, 39) -> (3, 39) -> (3, 40) -> (3, 41) -> (2, 41) -> (1, 41) -> (1, 42) -> (1, 43) -> (1, 44) -> (1, 45) -> (1, 46) -> (1, 47) -> (1, 48) -> (1, 49) -> (2, 49) -> (3, 49) -> (4, 49) -> (5, 49) -> (6, 49) -> (7, 49) -> (8, 49) -> (8, 50) -> (7, 50) -> (6, 50) -> (5, 50) -> (4, 50) -> (3, 50) -> (2, 50) -> (2, 51) -> (2, 52) -> (2, 53) -> (2, 54) -> (2, 55) -> (2, 56) -> (1, 56) -> (1, 57) -> (1, 58) -> (1, 59) -> (1, 60) -> (1, 61) -> (2, 61) -> (3, 61) -> (4, 61) -> (4, 62) -> (4, 63) -> (3, 63) -> (2, 63) -> (1, 63) -> (1, 64) -> (1, 65) -> (1, 66) -> (1, 67) -> (1, 68) -> (1, 69) -> (1, 70) -> (1, 71) -> (1, 72) -> (1, 73) -> (1, 74) -> (1, 75) -> (1, 76) -> (1, 77) -> (1, 78) -> (1, 79) -> (1, 80) -> (1, 81) -> (1, 82) -> (2, 82) -> (3, 82) -> (4, 82) -> (5, 82) -> (6, 82) -> (6, 83) -> (6, 84) -> (6, 85) -> (6, 86) -> (6, 87) -> (6, 88) -> (6, 89) -> (6, 90) -> (6, 91) -> (6, 92) -> (6, 93) -> (6, 94) -> (6, 95) -> (7, 95) -> (8, 95) -> (9, 95) -> (9, 96) -> (9, 97) -> (9, 98) -> (9, 99) -> (9, 100) -> (9, 101) -> (9, 102) -> (9, 103) -> (9, 104) -> (9, 105) -> (9, 106) -> (9, 107) -> (8, 107) -> (7, 107) -> (7, 106) -> (7, 105) -> (7, 104) -> (7, 103) -> (8, 103) -> (8, 102) -> (8, 101) -> (7, 101) -> (6, 101) -> (5, 101) -> (4, 101) -> (3, 101) -> (3, 100) -> (3, 99) -> (3, 98) -> (3, 97) -> (3, 96) -> (2, 96) -> (2, 97) -> (2, 98) -> (1, 98) -> (1, 99) -> (1, 100) -> (1, 101) -> (1, 102) -> (1, 103) -> (1, 104) -> (1, 105) -> (1, 106) -> (1, 107) -> (1, 108) -> (1, 109) -> (1, 110) -> (1, 111) -> (1, 112) -> (1, 113) -> (1, 114) -> (1, 115) -> (1, 116) -> (1, 117) -> (1, 118) -> (1, 119) -> (1, 120) -> (1, 121) -> (2, 121) -> (3, 121) -> (4, 121) -> (5, 121) -> (6, 121) -> (6, 122) -> (7, 122) -> (8, 122) -> (8, 123) -> (8, 124) -> (8, 125) -> (8, 126) -> (7, 126) -> (6, 126) -> (5, 126) -> (4, 126) -> (3, 126) -> (2, 126) -> (2, 127) -> (3, 127) -> (3, 128) -> (3, 129) -> (3, 130) -> (4, 130) -> (5, 130) -> (6, 130) -> (7, 130) -> (8, 130) -> (9, 130) -> (10, 130) -> (11, 130) -> (12, 130) -> (13, 130) -> (14, 130) -> (15, 130) -> (16, 130) -> (17, 130) -> (18, 130) -> (18, 131) -> (18, 132) -> (18, 133) -> (18, 134) -> (18, 135) -> (18, 136) -> (18, 137) -> (18, 138) -> (18, 139) -> (19, 139) -> (20, 139) -> (21, 139) -> (22, 139) -> (23, 139) -> (24, 139) -> (25, 139) -> (26, 139) -> (27, 139) -> (28, 139) -> (29, 139) -> (30, 139) -> (30, 140) -> (29, 140) -> (28, 140) -> (28, 141) -> (27, 141) -> (27, 142) -> (27, 143) -> (27, 144) -> (26, 144) -> (25, 144) -> (25, 143) -> (24, 143) -> (23, 143) -> (22, 143) -> (21, 143) -> (20, 143) -> (19, 143) -> (18, 143) -> (17, 143) -> (17, 142) -> (17, 141) -> (17, 140) -> (16, 140) -> (15, 140) -> (15, 141) -> (15, 142) -> (14, 142) -> (13, 142) -> (12, 142) -> (11, 142) -> (11, 141) -> (11, 140) -> (10, 140) -> (9, 140) -> (8, 140) -> (7, 140) -> (6, 140) -> (6, 141) -> (5, 141) -> (4, 141) -> (3, 141) -> (2, 141) -> (1, 141) -> (1, 142) -> (1, 143) -> (1, 144) -> (1, 145) -> (2, 145) -> (3, 145) -> (3, 144) -> (3, 143) -> (4, 143) -> (4, 144) -> (5, 144) -> (6, 144) -> (6, 145) -> (6, 146) -> (5, 146) -> (5, 147) -> (5, 148) -> (5, 149) -> (5, 150) -> (5, 151) -> (4, 151) -> (3, 151) -> (2, 151) -> (1, 151) -> (1, 152) -> (1, 153) -> (1, 154) -> (2, 154) -> (3, 154) -> (4, 154) -> (5, 154) -> (6, 154) -> (7, 154) -> (8, 154) -> (9, 154) -> (10, 154) -> (11, 154) -> (11, 155) -> (10, 155) -> (9, 155) -> (8, 155) -> (7, 155) -> (7, 156) -> (7, 157) -> (7, 158) -> (8, 158) -> (9, 158) -> (10, 158) -> (11, 158) -> (12, 158) -> (13, 158) -> (13, 159) -> (13, 160) -> (14, 160) -> (15, 160) -> (16, 160) -> (17, 160) -> (18, 160) -> (19, 160) -> (20, 160) -> (21, 160) -> (22, 160) -> (23, 160) -> (23, 161) -> (23, 162) -> (23, 163) -> (22, 163) -> (21, 163) -> (20, 163) -> (19, 163) -> (18, 163) -> (17, 163) -> (16, 163) -> (15, 163) -> (14, 163) -> (13, 163) -> (12, 163) -> (11, 163) -> (10, 163) -> (9, 163) -> (8, 163) -> (8, 162) -> (7, 162) -> (6, 162) -> (5, 162) -> (5, 161) -> (4, 161) -> (3, 161) -> (3, 162) -> (3, 163) -> (2, 163) -> (2, 164) -> (1, 164) -> (1, 165) -> (1, 166) -> (1, 167) -> (1, 168) -> (1, 169) -> (2, 169) -> (2, 170) -> (2, 171) -> (2, 172) -> (2, 173) -> (2, 174) -> (2, 175) -> (3, 175) -> (4, 175) -> (4, 174) -> (4, 173) -> (4, 172) -> (5, 172) -> (6, 172) -> (7, 172) -> (8, 172) -> (9, 172) -> (10, 172) -> (11, 172) -> (12, 172) -> (12, 173) -> (12, 174) -> (12, 175) -> (12, 176) -> (12, 177) -> (12, 178) -> (12, 179) -> (11, 179) -> (10, 179) -> (9, 179) -> (8, 179) -> (7, 179) -> (7, 180) -> (7, 181) -> (7, 182) -> (7, 183) -> (7, 184) -> (7, 185) -> (7, 186) -> (7, 187) -> (7, 188) -> (7, 189) -> (7, 190) -> (7, 191) -> (6, 191) -> (5, 191) -> (4, 191) -> (3, 191) -> (2, 191) -> (1, 191) -> (1, 192) -> (1, 193) -> (1, 194) -> (1, 195) -> (1, 196) -> (1, 197) -> (2, 197) -> (3, 197) -> (3, 196) -> (3, 195) -> (4, 195) -> (4, 196) -> (5, 196) -> (6, 196) -> (7, 196) -> (7, 197) -> (8, 197) -> (9, 197) -> (10, 197) -> (11, 197) -> (12, 197) -> (12, 198) -> (13, 198) -> (14, 198) -> (15, 198) -> (16, 198) -> (17, 198) -> (18, 198) -> (19, 198) -> (20, 198) -> (21, 198) -> (22, 198) -> (23, 198) -> (24, 198) -> (25, 198) -> (25, 197) -> (25, 196) -> (25, 195) -> (25, 194) -> (24, 194) -> (24, 195) -> (23, 195) -> (23, 196) -> (23, 197) -> (22, 197) -> (21, 197) -> (20, 197) -> (19, 197) -> (18, 197) -> (17, 197) -> (16, 197) -> (15, 197) -> (14, 197) -> (14, 196) -> (14, 195) -> (14, 194) -> (15, 194) -> (16, 194) -> (16, 195) -> (17, 195) -> (18, 195) -> (19, 195) -> (20, 195) -> (21, 195) -> (21, 194) -> (21, 193) -> (21, 192) -> (21, 191) -> (21, 190) -> (21, 189) -> (21, 188) -> (22, 188) -> (23, 188) -> (24, 188) -> (24, 189) -> (24, 190) -> (24, 191) -> (25, 191) -> (26, 191) -> (27, 191) -> (28, 191) -> (29, 191) -> (29, 192) -> (29, 193) -> (29, 194) -> (29, 195) -> (28, 195) -> (28, 196) -> (28, 197) -> (29, 197) -> (30, 197) -> (31, 197) -> (32, 197) -> (33, 197) -> (34, 197) -> (35, 197) -> (36, 197) -> (37, 197) -> (38, 197) -> (39, 197) -> (39, 196) -> (38, 196) -> (37, 196) -> (36, 196) -> (36, 195) -> (37, 195) -> (38, 195) -> (38, 194) -> (38, 193) -> (38, 192) -> (38, 191) -> (38, 190) -> (38, 189) -> (38, 188) -> (39, 188) -> (40, 188) -> (41, 188) -> (41, 187) -> (41, 186) -> (42, 186) -> (42, 185) -> (42, 184) -> (42, 183) -> (42, 182) -> (43, 182) -> (44, 182) -> (45, 182) -> (46, 182) -> (46, 181) -> (47, 181) -> (48, 181) -> (49, 181) -> (49, 182) -> (49, 183) -> (49, 184) -> (49, 185) -> (49, 186) -> (49, 187) -> (49, 188) -> (50, 188) -> (51, 188) -> (52, 188) -> (53, 188) -> (54, 188) -> (54, 189) -> (54, 190) -> (54, 191) -> (54, 192) -> (55, 192) -> (56, 192) -> (57, 192) -> (58, 192) -> (58, 193) -> (58, 194) -> (58, 195) -> (59, 195) -> (60, 195) -> (61, 195) -> (62, 195) -> (63, 195) -> (64, 195) -> (65, 195) -> (66, 195) -> (67, 195) -> (67, 196) -> (67, 197) -> (68, 197) -> (69, 197) -> (70, 197) -> (71, 197) -> (72, 197) -> (73, 197) -> (73, 196) -> (73, 195) -> (73, 194) -> (73, 193) -> (73, 192) -> (73, 191) -> (73, 190) -> (73, 189) -> (73, 188) -> (74, 188) -> (75, 188) -> (76, 188) -> (77, 188) -> (77, 189) -> (77, 190) -> (77, 191) -> (76, 191) -> (75, 191) -> (75, 192) -> (75, 193) -> (75, 194) -> (75, 195) -> (76, 195) -> (77, 195) -> (78, 195) -> (79, 195) -> (80, 195) -> (81, 195) -> (82, 195) -> (83, 195) -> (84, 195) -> (85, 195) -> (86, 195) -> (87, 195) -> (88, 195) -> (89, 195) -> (90, 195) -> (91, 195) -> (92, 195) -> (93, 195) -> (94, 195) -> (95, 195) -> (96, 195) -> (97, 195) -> (97, 196) -> (97, 197) -> (97, 198) -> (98, 198) -> (99, 198) -> (100, 198) -> (101, 198) -> (102, 198) -> (103, 198) -> (104, 198) -> (105, 198) -> (105, 197) -> (105, 196) -> (105, 195) -> (105, 194) -> (105, 193) -> (106, 193) -> (106, 194) -> (106, 195) -> (106, 196) -> (106, 197) -> (107, 197) -> (108, 197) -> (109, 197) -> (110, 197) -> (110, 196) -> (110, 195) -> (110, 194) -> (110, 193) -> (110, 192) -> (110, 191) -> (110, 190) -> (110, 189) -> (110, 188) -> (110, 187) -> (110, 186) -> (110, 185) -> (110, 184) -> (110, 183) -> (110, 182) -> (110, 181) -> (110, 180) -> (110, 179) -> (110, 178) -> (110, 177) -> (110, 176) -> (111, 176) -> (112, 176) -> (113, 176) -> (114, 176) -> (115, 176) -> (116, 176) -> (117, 176) -> (118, 176) -> (119, 176) -> (120, 176) -> (121, 176) -> (122, 176) -> (122, 177) -> (122, 178) -> (122, 179) -> (122, 180) -> (122, 181) -> (122, 182) -> (122, 183) -> (122, 184) -> (122, 185) -> (122, 186) -> (122, 187) -> (122, 188) -> (122, 189) -> (122, 190) -> (122, 191) -> (122, 192) -> (123, 192) -> (124, 192) -> (125, 192) -> (126, 192) -> (127, 192) -> (128, 192) -> (128, 193) -> (128, 194) -> (128, 195) -> (128, 196) -> (128, 197) -> (128, 198) -> (129, 198) -> (129, 197) -> (129, 196) -> (130, 196) -> (131, 196) -> (132, 196) -> (132, 195) -> (132, 194) -> (132, 193) -> (132, 192) -> (132, 191) -> (132, 190) -> (131, 190) -> (130, 190) -> (129, 190) -> (129, 189) -> (128, 189) -> (127, 189) -> (127, 188) -> (127, 187) -> (127, 186) -> (127, 185) -> (127, 184) -> (128, 184) -> (129, 184) -> (130, 184) -> (131, 184) -> (132, 184) -> (132, 185) -> (132, 186) -> (132, 187) -> (132, 188) -> (133, 188) -> (134, 188) -> (135, 188) -> (135, 189) -> (136, 189) -> (137, 189) -> (138, 189) -> (139, 189) -> (140, 189) -> (141, 189) -> (142, 189) -> (143, 189) -> (143, 190) -> (142, 190) -> (142, 191) -> (142, 192) -> (142, 193) -> (141, 193) -> (140, 193) -> (139, 193) -> (138, 193) -> (137, 193) -> (137, 192) -> (136, 192) -> (135, 192) -> (134, 192) -> (133, 192) -> (133, 193) -> (133, 194) -> (133, 195) -> (134, 195) -> (135, 195) -> (136, 195) -> (137, 195) -> (138, 195) -> (138, 194) -> (139, 194) -> (140, 194) -> (141, 194) -> (141, 195) -> (142, 195) -> (143, 195) -> (144, 195) -> (144, 196) -> (145, 196) -> (146, 196) -> (146, 197) -> (147, 197) -> (148, 197) -> (148, 198) -> (149, 198) -> (150, 198) -> (151, 198) -> (152, 198) -> (153, 198) -> (154, 198) -> (154, 197) -> (154, 196) -> (154, 195) -> (155, 195) -> (156, 195) -> (157, 195) -> (158, 195) -> (159, 195) -> (160, 195) -> (161, 195) -> (162, 195) -> (163, 195) -> (164, 195) -> (165, 195) -> (165, 196) -> (164, 196) -> (163, 196) -> (163, 197) -> (163, 198) -> (164, 198) -> (165, 198) -> (166, 198) -> (167, 198) -> (168, 198) -> (169, 198) -> (170, 198) -> (171, 198) -> (171, 197) -> (172, 197) -> (173, 197) -> (174, 197) -> (175, 197) -> (176, 197) -> (177, 197) -> (178, 197) -> (179, 197) -> (180, 197) -> (181, 197) -> (181, 198) -> (182, 198) -> (183, 198) -> (184, 198) -> (185, 198) -> (186, 198) -> (187, 198) -> (188, 198) -> (189, 198) -> (190, 198) -> (191, 198) -> (192, 198) -> (193, 198) -> (194, 198) -> (195, 198) -> (196, 198) -> (197, 198) -> (198, 198) -> (199, 198)
Tiempo de ejecución: 2.6293 milisegundos
