Laberinto:
X X X X X X X X X X X X X X X X X X X X X X X X X X X X X X X X X X X X X X X X X X X X X X X X X X
E 0 0 0 0 0 0 0 X X 0 0 0 0 0 X 0 0 0 X 0 0 0 0 0 0 X X 0 0 0 0 X 0 0 0 0 0 X 0 0 0 0 0 0 0 X X X X
X 0 0 0 0 0 X X 0 0 0 0 X 0 0 0 0 0 0 0 0 0 0 X X 0 X 0 0 X X X X X 0 0 0 0 X 0 X 0 0 0 X 0 0 X 0 X
X 0 0 0 0 0 0 0 0 0 0 0 0 0 0 0 0 0 0 0 0 0 0 0 X 0 0 0 X 0 0 0 0 0 X X 0 0 0 0 0 0 0 0 X 0 0 0 X X
X 0 X 0 0 0 0 0 0 0 0 0 0 X X 0 0 0 X X 0 0 0 0 0 0 X 0 0 0 0 0 0 0 0 0 X 0 0 0 X X 0 0 0 0 0 X 0 X
X X 0 0 X 0 0 0 0 X X 0 0 X X 0 0 0 0 0 0 0 X X X 0 0 X 0 0 0 0 0 0 0 X 0 0 0 0 0 0 0 0 0 X 0 X 0 X
X 0 0 0 X 0 0 0 X 0 0 X 0 0 0 0 0 0 0 0 0 X 0 X 0 0 0 0 0 0 0 0 0 0 0 0 0 0 0 X 0 0 X 0 0 X 0 X X X
X 0 0 X X 0 0 0 0 X X X 0 0 0 0 0 0 0 0 0 0 0 0 X X 0 0 0 X 0 0 0 0 X 0 0 0 0 X 0 0 X 0 X X X 0 0 X
X 0 X 0 0 0 0 X 0 X 0 0 0 X 0 0 0 0 0 0 0 0 0 0 0 0 X 0 0 0 X 0 0 0 0 0 0 0 0 0 0 0 0 0 0 0 0 0 0 X
X X 0 X 0 0 0 0 0 X 0 0 0 0 0 0 0 0 0 0 0 X 0 X 0 0 0 X 0 X 0 0 0 0 0 0 X 0 0 0 0 X X 0 0 0 0 0 X X
X 0 X 0 0 0 0 0 0 X X 0 0 0 0 0 0 X 0 0 0 X 0 0 0 0 0 0 0 X X 0 X 0 0 0 0 0 0 X 0 0 X X 0 X X 0 0 X
X 0 0 0 0 0 X 0 0 0 0 X 0 0 0 0 X 0 0 0 0 0 0 0 0 0 0 0 0 0 0 0 0 X 0 0 0 0 0 X X 0 0 0 0 0 0 0 X X
X 0 0 0 0 0 0 X X X X X 0 0 0 X 0 0 X 0 0 X 0 0 X 0 0 X 0 X 0 0 0 0 0 X 0 X 0 0 0 0 0 0 0 0 0 0 0 X
X X 0 0 0 0 0 0 0 0 0 0 0 0 0 0 X 0 X 0 X 0 0 X 0 X 0 0 0 0 X 0 0 0 0 0 0 X X 0 0 0 X 0 0 0 X X 0 X
X 0 X 0 0 0 X 0 X X 0 0 0 0 0 X 0 0 0 0 0 0 0 0 0 0 0 0 0 0 0 0 0 0 0 0 0 0 X 0 0 0 X 0 0 0 0 0 0 X
X 0 0 X 0 0 X 0 0 0 0 0 0 0 0 X 0 0 0 X 0 0 0 X 0 0 0 0 0 X 0 0 0 0 0 X X 0 0 0 0 X 0 X 0 0 X X 0 X
X 0 0 0 0 0 0 0 0 0 0 0 0 X X 0 0 X 0 0 0 0 0 0 0 0 X 0 0 0 0 X 0 0 0 X 0 0 X 0 0 X X 0 0 0 0 0 0 X
X 0 0 0 0 0 X 0 0 0 X 0 0 0 X 0 0 X 0 0 0 X 0 0 0 X 0 0 0 0 0 X 0 0 X 0 X 0 0 0 0 0 0 0 0 0 0 X 0 X
X 0 X 0 0 0 0 0 0 0 X X 0 X 0 X 0 0 X 0 0 X 0 X 0 X X X 0 X X 0 0 0 0 X X X X 0 0 0 0 0 X 0 0 0 0 X
X 0 0 0 0 0 X X 0 0 0 0 0 0 0 0 0 0 0 X 0 X 0 0 0 X 0 0 0 0 0 0 0 0 0 X 0 0 0 0 0 0 X 0 X 0 0 0 0 X
X X 0 0 0 X X 0 0 X 0 0 X 0 0 X 0 X 0 0 0 0 0 0 X X 0 0 X 0 0 0 0 0 X 0 0 0 X 0 0 X X 0 0 X 0 0 0 X
X 0 0 0 0 0 0 X 0 X 0 X X 0 0 X 0 0 0 0 0 0 0 0 0 0 X 0 0 X X 0 0 0 0 X 0 0 0 0 0 0 0 0 0 0 0 X 0 X
X X 0 0 0 0 0 0 0 X 0 0 0 0 0 0 0 X 0 0 0 0 0 0 0 0 X 0 0 0 X 0 0 0 0 0 0 X 0 0 0 0 0 0 X 0 0 0 0 X
X 0 X 0 X 0 0 0 0 0 X X 0 0 0 0 0 X 0 0 0 0 0 0 0 0 0 X 0 X 0 0 0 0 0 0 0 0 0 0 0 0 0 0 0 0 0 0 0 X
X 0 X 0 0 0 0 0 X 0 0 0 0 0 0 0 0 0 X 0 X 0 0 0 0 0 0 X X 0 0 0 0 X X X X X 0 0 0 0 0 0 0 0 X 0 0 X
X X 0 0 0 0 0 X 0 0 0 X 0 0 0 0 X 0 0 0 0 0 0 X 0 0 X X X 0 0 0 0 0 0 0 0 0 X 0 0 0 X 0 0 0 0 0 0 X
X 0 0 0 X 0 0 0 0 0 0 0 0 0 0 0 0 0 0 X 0 0 0 0 0 0 X 0 0 0 0 0 X X 0 0 0 0 X X 0 0 0 0 0 0 X 0 0 X
X X 0 0 X 0 X 0 0 0 0 0 0 0 0 0 0 0 0 0 0 0 0 X X X 0 0 0 0 0 0 0 0 X X X 0 0 0 X X 0 0 0 0 0 X X X
X 0 0 X 0 0 0 0 0 0 0 0 X 0 0 0 0 X X 0 0 0 0 X 0 X 0 0 X X X 0 X 0 0 0 0 0 0 X 0 0 0 X 0 0 0 0 0 X
X X 0 0 0 0 0 X 0 0 X 0 0 0 0 0 0 0 0 0 X 0 0 0 0 0 0 0 0 0 0 0 X X 0 X 0 0 0 X 0 0 X 0 0 0 0 0 0 X
X X 0 0 0 0 X 0 X 0 0 0 0 0 0 0 0 0 0 0 X 0 0 0 X 0 0 0 0 0 0 X 0 0 0 0 0 0 0 0 X 0 0 0 X 0 0 X 0 X
X X 0 0 0 X X 0 0 0 0 0 X 0 0 0 0 0 0 0 0 0 X 0 X 0 0 0 X 0 0 0 0 0 X 0 0 0 0 0 0 0 0 X 0 X 0 X 0 X
X 0 0 0 0 0 0 0 0 0 0 0 0 0 0 0 0 0 0 0 0 0 0 X 0 0 0 X 0 0 0 0 0 0 0 0 0 X 0 X 0 X 0 0 0 0 0 0 0 X
X 0 0 0 0 0 0 0 0 0 0 0 0 X 0 0 X 0 X 0 X 0 0 0 0 0 0 0 X X 0 0 0 0 0 0 0 0 X X 0 0 0 X 0 0 0 0 0 X
X 0 0 0 X X X 0 0 0 0 0 0 0 0 0 0 0 0 0 0 0 0 0 X 0 0 0 0 X 0 0 X X 0 0 X 0 0 0 X 0 0 0 0 X 0 0 0 X
X X 0 0 X 0 X 0 0 0 0 X 0 0 0 X 0 0 0 0 0 0 0 X 0 X 0 0 0 0 0 0 0 0 X 0 0 0 X X X 0 0 0 0 X 0 0 0 X
X X X 0 0 0 0 0 0 0 X 0 0 0 0 0 0 X 0 X X 0 0 0 0 0 0 X 0 X 0 0 X 0 0 0 0 X 0 0 0 X X X 0 X 0 0 0 X
X 0 0 0 X 0 0 0 0 0 0 X X 0 0 0 X X 0 0 0 X 0 0 X 0 0 0 0 X 0 0 X X X X 0 0 0 0 0 0 0 X X 0 0 X 0 X
X 0 0 0 X 0 X 0 X 0 0 X 0 0 0 0 0 0 0 X 0 X X 0 X X 0 0 0 X 0 0 0 0 0 0 0 0 X 0 0 X 0 0 0 0 X 0 0 X
X 0 0 0 X 0 0 0 0 0 0 0 0 0 0 X 0 0 0 0 0 0 0 0 0 0 0 X 0 0 0 0 X 0 0 0 X 0 X X 0 0 0 0 0 0 0 0 0 X
X 0 0 0 0 0 0 X 0 X X 0 0 0 0 0 0 X X X 0 X X 0 0 0 X 0 0 0 0 0 0 0 0 X 0 0 0 0 0 X X 0 0 0 0 X 0 X
X 0 0 X 0 0 0 X 0 0 0 0 X 0 X X X X 0 0 0 0 0 0 X 0 X X 0 0 X 0 X 0 0 0 0 X 0 0 0 X 0 0 0 0 0 X 0 X
X 0 0 X 0 X 0 0 X X 0 0 0 0 0 0 0 X 0 X 0 0 0 0 0 0 0 X 0 0 X 0 0 0 0 X 0 0 0 0 0 0 0 0 0 0 X X 0 X
X X 0 0 0 X 0 0 0 0 0 0 0 X 0 0 X 0 X X 0 0 X 0 0 X 0 0 0 0 0 0 0 0 0 0 0 0 0 0 0 X 0 0 0 X 0 0 0 X
X 0 X 0 0 0 0 0 0 0 X 0 X 0 X 0 X 0 0 X 0 X X X 0 0 0 0 0 0 0 0 0 0 0 X 0 0 0 0 0 0 0 0 0 0 0 0 0 X
X X 0 0 0 0 0 0 0 X 0 0 X 0 0 0 X X X 0 0 0 0 0 0 X X 0 0 0 X 0 0 0 0 0 0 0 0 0 0 0 X 0 0 X 0 0 0 X
X 0 0 0 0 0 0 X 0 0 0 X 0 0 0 0 0 0 0 0 0 0 0 0 0 0 X 0 0 0 X 0 0 0 X 0 0 0 0 0 0 0 X 0 0 0 0 0 0 X
X 0 0 0 0 X 0 0 X 0 X 0 X X 0 X 0 X X 0 0 X X 0 0 0 0 X X 0 0 0 0 X 0 0 0 X 0 X X X X 0 0 0 X 0 0 X
X 0 0 X 0 0 X 0 X 0 X 0 0 X 0 0 0 0 0 X 0 0 0 0 0 0 0 0 0 0 X 0 0 0 0 X 0 0 0 X 0 0 0 0 0 X 0 0 0 0
X X X X X X X X X X X X X X X X X X X X X X X X X X X X X X X X X X X X X X X X X X X X X X X X S X
Camino encontrado: (1, 0) -> (1, 1) -> (1, 2) -> (1, 3) -> (1, 4) -> (1, 5) -> (2, 5) -> (3, 5) -> (4, 5) -> (5, 5) -> (6, 5) -> (7, 5) -> (8, 5) -> (9, 5) -> (10, 5) -> (11, 5) -> (12, 5) -> (13, 5) -> (14, 5) -> (15, 5) -> (16, 5) -> (17, 5) -> (18, 5) -> (19, 5) -> (19, 4) -> (19, 3) -> (19, 2) -> (20, 2) -> (21, 2) -> (22, 2) -> (22, 3) -> (22, 4) -> (22, 5) -> (22, 6) -> (22, 7) -> (22, 8) -> (21, 8) -> (20, 8) -> (19, 8) -> (18, 8) -> (17, 8) -> (16, 8) -> (15, 8) -> (15, 7) -> (14, 7) -> (13, 7) -> (13, 8) -> (13, 9) -> (13, 10) -> (13, 11) -> (13, 12) -> (13, 13) -> (13, 14) -> (12, 14) -> (11, 14) -> (10, 14) -> (9, 14) -> (8, 14) -> (7, 14) -> (6, 14) -> (6, 13) -> (6, 12) -> (5, 12) -> (4, 12) -> (3, 12) -> (3, 11) -> (3, 10) -> (3, 9) -> (3, 8) -> (2, 8) -> (2, 9) -> (2, 10) -> (2, 11) -> (1, 11) -> (1, 12) -> (1, 13) -> (1, 14) -> (2, 14) -> (3, 14) -> (3, 15) -> (3, 16) -> (3, 17) -> (3, 18) -> (3, 19) -> (3, 20) -> (3, 21) -> (3, 22) -> (3, 23) -> (4, 23) -> (4, 24) -> (4, 25) -> (3, 25) -> (3, 26) -> (3, 27) -> (4, 27) -> (4, 28) -> (4, 29) -> (4, 30) -> (4, 31) -> (4, 32) -> (4, 33) -> (4, 34) -> (5, 34) -> (6, 34) -> (6, 35) -> (6, 36) -> (6, 37) -> (6, 38) -> (5, 38) -> (4, 38) -> (3, 38) -> (3, 39) -> (3, 40) -> (3, 41) -> (3, 42) -> (3, 43) -> (2, 43) -> (1, 43) -> (1, 44) -> (1, 45) -> (2, 45) -> (3, 45) -> (4, 45) -> (4, 44) -> (4, 43) -> (4, 42) -> (5, 42) -> (5, 43) -> (5, 44) -> (6, 44) -> (6, 43) -> (7, 43) -> (8, 43) -> (9, 43) -> (9, 44) -> (9, 45) -> (9, 46) -> (9, 47) -> (10, 47) -> (11, 47) -> (12, 47) -> (12, 48) -> (13, 48) -> (14, 48) -> (15, 48) -> (16, 48) -> (17, 48) -> (18, 48) -> (19, 48) -> (20, 48) -> (21, 48) -> (22, 48) -> (23, 48) -> (24, 48) -> (25, 48) -> (26, 48) -> (26, 47) -> (25, 47) -> (24, 47) -> (23, 47) -> (22, 47) -> (22, 46) -> (22, 45) -> (23, 45) -> (24, 45) -> (25, 45) -> (26, 45) -> (27, 45) -> (28, 45) -> (29, 45) -> (30, 45) -> (30, 46) -> (29, 46) -> (28, 46) -> (28, 47) -> (28, 48) -> (29, 48) -> (30, 48) -> (31, 48) -> (32, 48) -> (33, 48) -> (34, 48) -> (35, 48) -> (36, 48) -> (37, 48) -> (38, 48) -> (39, 48) -> (40, 48) -> (41, 48) -> (42, 48) -> (43, 48) -> (44, 48) -> (45, 48) -> (46, 48) -> (47, 48) -> (48, 48) -> (49, 48)
Tiempo de ejecución: 0.5767 milisegundos
