Laberinto:
X X X X X X X X X X X X X X X X X X X X X X X X X X X X X X X X X X X X X X X X X X X X X X X X X X X X X X X X X X X X X X X X X X X X X X X X X X X X X X X X X X X X X X X X X X X X X X X X X X X X
E 0 0 0 0 0 0 X X X 0 X 0 0 0 0 0 0 0 0 X X 0 0 0 0 0 X 0 X 0 0 X 0 0 0 0 X 0 0 X 0 0 0 0 0 0 0 0 0 0 0 0 0 0 0 0 X 0 0 0 X 0 X 0 0 0 X X 0 0 0 0 0 X 0 0 0 0 X 0 0 0 X 0 0 X 0 0 0 X X 0 X 0 0 X X 0 X
X 0 X 0 X 0 0 0 X 0 X 0 0 0 0 0 0 0 0 0 0 X 0 0 0 0 0 0 0 0 0 0 0 0 X 0 0 0 0 0 X 0 0 0 0 X 0 0 0 0 0 0 0 0 0 0 0 0 0 0 X 0 0 0 0 0 0 0 0 0 X 0 0 0 0 0 0 0 0 0 0 0 0 0 0 0 X X X 0 X 0 0 0 0 0 X X 0 X
X 0 0 0 X 0 0 0 X 0 0 0 0 0 X 0 X 0 0 0 0 0 0 X 0 X 0 0 0 0 X 0 0 X 0 X 0 0 X X 0 0 0 0 0 0 0 0 0 0 0 0 X X X 0 0 0 X 0 0 0 0 0 0 0 0 0 X 0 X 0 0 0 X 0 0 0 0 X 0 0 0 0 0 0 X 0 0 X 0 X 0 0 0 0 0 X 0 X
X 0 0 0 0 0 0 0 X 0 0 0 0 0 0 X 0 0 X 0 0 0 0 X 0 0 0 0 0 0 0 0 0 X 0 0 0 0 0 0 X 0 0 0 0 X 0 0 0 0 X 0 0 X 0 0 X 0 0 0 0 0 0 X 0 0 0 0 X 0 0 0 0 0 0 0 0 0 0 0 X X 0 X X 0 0 0 X X 0 0 0 0 0 0 X 0 0 X
X X 0 0 0 0 0 0 0 0 X X 0 0 X 0 0 0 0 0 0 0 0 0 0 X 0 0 0 0 0 0 0 0 0 0 0 0 X 0 X X 0 0 0 0 0 0 0 0 0 X 0 0 0 0 X X 0 0 0 0 0 0 0 0 0 0 0 0 0 0 0 0 0 0 X 0 0 0 0 X X 0 0 0 X 0 X 0 X X 0 X 0 0 0 0 0 X
X X 0 0 0 0 0 0 X X 0 0 0 X X 0 0 0 0 0 0 X X 0 X 0 0 0 0 0 0 0 0 0 0 0 X 0 0 0 0 0 0 0 X 0 X X 0 X 0 X 0 X X 0 0 0 0 0 0 0 0 0 0 0 0 0 0 0 X 0 X X 0 0 X 0 0 X X 0 0 0 0 X X X X 0 0 X 0 0 0 0 0 X 0 X
X 0 0 X 0 X 0 0 X 0 X 0 0 0 0 0 0 X 0 X X X X 0 0 0 X 0 0 0 0 0 0 0 0 X X X 0 0 0 X 0 X X X 0 0 0 0 0 0 0 X 0 0 0 0 0 0 0 0 0 0 X 0 0 0 0 0 0 0 X 0 0 X 0 0 0 0 0 X 0 X 0 0 0 0 0 0 0 X 0 0 0 0 0 X 0 X
X 0 X 0 0 0 0 0 0 0 0 0 0 X X X X 0 0 X 0 0 X X 0 0 0 X 0 0 0 0 0 0 X X 0 0 0 0 X 0 0 0 0 X 0 0 X 0 0 0 0 0 0 X 0 0 0 0 0 X 0 0 0 0 X 0 X 0 0 X 0 0 0 0 0 0 0 0 0 0 0 X 0 0 X 0 0 0 0 0 0 0 0 0 0 X X X
X X 0 0 0 0 0 0 0 0 0 X X 0 X 0 0 0 0 0 0 0 X 0 0 0 0 0 0 X 0 0 0 0 0 0 0 X 0 0 0 0 0 X 0 0 0 0 0 0 0 0 0 0 0 0 X X 0 0 0 0 X X 0 X 0 X X X 0 0 X X 0 0 0 0 0 0 0 X 0 0 X 0 0 0 0 0 0 0 0 0 0 0 0 0 0 X
X 0 0 0 X 0 0 X 0 0 0 X 0 X X 0 0 0 0 0 0 0 0 0 0 X 0 0 0 0 0 0 0 0 0 0 X 0 0 0 0 0 0 0 X 0 0 0 0 0 0 X 0 0 0 0 0 0 0 0 0 0 0 0 0 0 0 0 0 X X 0 X 0 0 0 X 0 0 X 0 0 0 0 0 0 0 0 0 X X 0 X X 0 X 0 0 0 X
X 0 X 0 0 0 0 0 X 0 0 0 0 0 0 0 0 X 0 0 0 0 0 X 0 0 0 0 0 0 0 0 0 0 0 X 0 0 0 0 0 0 0 0 0 0 0 0 0 0 0 0 0 0 0 0 0 0 0 0 0 X 0 0 X 0 0 0 0 0 X 0 X 0 0 0 0 0 0 0 0 0 0 0 0 0 0 0 X 0 0 0 0 X 0 0 0 0 0 X
X 0 0 0 0 X 0 0 0 0 0 X X 0 0 X 0 0 0 0 0 0 0 0 X 0 0 0 0 0 X 0 0 X 0 0 X X 0 X 0 0 0 0 0 0 0 0 0 0 0 0 0 0 0 0 X 0 0 0 0 0 X 0 0 0 0 0 X 0 0 0 0 0 X 0 0 X 0 0 0 0 0 0 0 X 0 0 0 0 0 X 0 0 0 0 X 0 0 X
X 0 0 X 0 0 0 X 0 0 X 0 X 0 0 0 0 0 X 0 0 0 0 0 0 0 X 0 0 X 0 0 0 0 X X 0 0 0 0 0 0 X 0 X 0 0 0 0 X 0 0 0 0 0 X 0 0 0 0 0 0 0 0 0 0 0 X 0 0 0 0 0 0 0 0 0 0 0 0 0 0 X 0 0 0 0 0 0 X 0 0 X 0 0 0 X 0 0 X
X X 0 0 X 0 0 X 0 0 0 X 0 0 0 X 0 0 0 0 0 X X 0 0 0 0 0 X 0 0 X 0 X 0 0 0 0 0 0 0 0 0 X 0 0 0 X 0 0 0 0 0 0 0 0 0 0 0 0 0 0 0 0 0 0 0 0 0 0 0 X 0 0 X 0 0 0 X 0 0 0 0 0 0 0 0 0 0 X X X X 0 X 0 X X 0 X
X 0 X 0 0 X 0 0 0 0 0 0 0 0 0 0 0 0 0 X 0 0 X 0 X X 0 0 0 0 0 0 0 X 0 0 0 0 0 0 0 X 0 X X 0 0 0 0 0 0 0 0 0 0 0 0 X 0 0 0 0 0 0 0 X 0 0 0 0 0 0 0 0 X 0 0 0 0 0 0 0 X 0 0 0 0 0 0 0 0 0 0 0 0 0 0 0 0 X
X 0 0 0 0 0 X X X 0 X X X 0 0 0 0 0 0 X 0 0 0 0 0 X 0 0 0 0 0 0 0 X 0 0 0 0 0 0 0 0 0 0 0 X 0 0 0 0 0 0 X X 0 0 0 0 0 0 0 0 0 0 0 0 0 0 0 0 X 0 X 0 0 0 0 0 0 X 0 0 X 0 0 0 0 X X 0 0 0 X X 0 0 X X X X
X 0 0 0 0 0 0 0 X X 0 0 0 X X 0 0 X 0 0 0 0 0 X 0 X 0 0 0 0 X 0 0 X X 0 0 0 0 0 X 0 0 0 X 0 0 0 X 0 0 0 0 0 0 0 0 0 0 0 0 0 0 X 0 X 0 0 0 0 X 0 X 0 X X 0 0 X 0 0 0 X 0 0 0 0 0 X 0 0 0 X 0 0 0 0 0 0 X
X 0 0 X 0 0 0 0 0 0 0 X X 0 0 0 0 0 0 0 X 0 X 0 X 0 0 0 0 X 0 0 X 0 0 X X 0 X 0 0 0 X 0 0 0 0 0 0 0 0 X X 0 0 0 0 0 0 0 0 0 0 0 0 0 0 0 X 0 0 0 X 0 X 0 0 0 0 0 0 X 0 0 0 0 0 0 0 0 0 X 0 0 0 0 0 X X X
X 0 0 0 X X 0 0 0 0 0 0 0 0 X X 0 0 0 X 0 0 0 0 0 X X 0 0 0 0 0 0 0 0 0 0 0 0 X 0 0 0 X 0 0 0 X 0 0 0 0 0 0 0 0 0 0 0 0 0 0 0 0 X 0 X X 0 0 0 0 0 0 0 0 0 X 0 0 0 0 0 0 X 0 0 0 0 0 0 0 0 0 0 0 0 0 0 X
X 0 0 0 0 0 0 0 0 0 0 0 X 0 0 0 X 0 0 0 0 0 0 X 0 0 X 0 0 0 X 0 0 0 0 0 0 X 0 0 0 0 0 0 0 0 X X 0 0 0 0 0 0 0 0 0 0 0 X 0 X 0 0 0 X 0 0 0 0 0 X 0 0 0 0 0 0 0 0 0 0 0 0 0 0 0 0 0 0 X 0 0 0 0 0 0 0 0 X
X X 0 0 0 0 0 0 0 0 0 0 0 0 0 X X 0 X 0 0 0 0 0 0 0 X X 0 0 X 0 0 0 0 X X 0 0 0 0 X 0 0 X 0 0 X 0 0 0 0 0 X X 0 0 0 0 0 0 X 0 X 0 X 0 X 0 0 X 0 X 0 0 0 0 0 0 0 0 0 X X X 0 0 0 0 0 0 0 0 0 0 0 0 X 0 X
X 0 0 0 0 X 0 0 X 0 0 0 X 0 X 0 0 0 0 0 0 0 0 X 0 0 0 0 0 0 0 X X 0 X X 0 X X X 0 X 0 X X X 0 X 0 X 0 0 0 X 0 0 0 0 0 X X 0 X X X 0 0 0 0 0 X X 0 X X 0 0 0 0 0 X X 0 0 X X 0 0 0 X 0 0 0 0 0 0 0 X 0 X
X X 0 0 0 X X 0 0 0 0 0 0 0 0 X 0 0 0 0 0 0 0 0 0 0 X 0 0 0 0 0 0 0 0 X 0 0 X 0 0 0 0 0 X 0 0 X 0 0 0 0 0 0 0 0 0 0 0 0 0 0 0 0 0 0 0 0 0 X 0 0 0 X 0 0 0 0 0 0 X 0 0 X 0 X 0 0 0 0 0 0 X 0 X 0 0 0 0 X
X 0 X 0 0 0 0 0 0 0 0 0 0 0 0 X X X 0 0 X 0 0 X 0 0 0 X 0 0 X X 0 0 0 0 0 0 X 0 0 X 0 0 X 0 0 0 0 0 X 0 0 0 0 0 0 0 X 0 0 0 0 X 0 0 0 0 0 0 0 0 0 0 0 0 0 0 X 0 0 0 0 0 0 0 0 0 0 0 X 0 0 X 0 X X 0 0 X
X 0 0 0 0 0 0 0 0 X X X 0 0 0 0 0 0 0 X X 0 X 0 0 0 X 0 0 0 0 0 0 0 X 0 X 0 0 0 X X 0 0 0 0 X X 0 X 0 0 0 0 0 0 0 0 0 0 0 0 X 0 0 0 0 0 0 X 0 0 X 0 0 0 0 0 0 0 0 0 0 0 0 0 X 0 0 0 0 X 0 0 0 0 X 0 0 X
X 0 X 0 0 0 0 0 0 0 0 0 0 X 0 X 0 0 0 0 0 0 0 0 X X 0 0 0 0 0 0 0 0 0 0 X 0 0 0 X X 0 0 X 0 0 0 X 0 0 0 0 0 0 0 0 0 0 0 0 0 0 0 0 0 0 0 0 X 0 0 0 X 0 0 0 0 0 X X X 0 0 0 0 X 0 0 0 0 0 X 0 0 X 0 0 0 X
X 0 0 0 0 0 0 X 0 0 0 0 0 0 0 0 0 0 0 0 0 0 0 X 0 0 0 0 0 X X 0 X 0 0 0 0 0 0 0 0 0 0 0 0 0 X X X 0 X 0 X X 0 X 0 0 X 0 0 X 0 X 0 0 X X 0 0 X 0 0 0 0 X 0 0 0 0 0 0 0 0 0 0 X 0 0 0 X 0 X 0 0 0 0 0 0 X
X 0 0 0 0 X 0 0 0 0 0 0 X 0 0 0 X 0 0 0 X X 0 0 0 0 0 0 X 0 X 0 0 0 0 0 0 0 0 0 0 0 0 0 0 X X 0 0 0 X 0 0 X 0 0 X 0 0 0 0 X 0 X 0 X X 0 X 0 X 0 0 X X 0 0 X 0 0 0 0 0 0 0 0 0 0 0 0 0 0 0 0 0 0 0 0 0 X
X X 0 0 0 0 0 0 0 X X 0 0 0 0 X 0 X 0 0 0 0 X 0 0 X 0 0 0 0 0 0 0 0 0 X 0 0 0 0 0 0 0 0 0 0 0 0 0 0 0 X 0 0 0 0 0 0 0 0 0 0 X 0 0 0 0 0 0 0 0 0 0 0 X 0 0 0 0 0 0 X X 0 0 0 0 0 0 0 0 0 0 X 0 0 0 0 X X
X 0 0 X X 0 0 X 0 0 0 0 0 X 0 0 0 0 0 X 0 0 X 0 0 0 0 0 0 X 0 0 0 0 0 0 X 0 X 0 X 0 0 0 0 0 0 0 X 0 0 X 0 X 0 0 0 X 0 0 X X 0 0 0 X 0 0 0 0 0 0 0 X 0 0 X 0 0 0 0 0 0 0 X 0 X X 0 0 0 0 0 0 0 0 0 0 0 X
X 0 0 0 0 0 0 X 0 X 0 0 X 0 0 X 0 0 0 0 0 0 X X 0 0 X X X X 0 0 X 0 X 0 0 0 X 0 X 0 0 X 0 0 X 0 0 0 0 0 0 0 0 0 0 0 0 0 X 0 0 0 0 X 0 0 0 0 0 0 0 0 0 X 0 0 0 0 0 0 0 X 0 0 0 0 X 0 0 0 0 0 0 0 0 0 0 X
X X X 0 0 0 X 0 X X 0 0 0 0 0 0 0 0 0 0 X X 0 0 0 0 0 0 X 0 0 0 0 X 0 0 0 0 0 0 0 X 0 0 0 0 0 0 0 0 0 0 X 0 X 0 0 0 X 0 X 0 0 0 0 0 0 0 0 0 0 0 0 0 0 0 X 0 0 0 0 0 X 0 0 0 0 0 0 X X X X 0 0 X 0 X X X
X 0 0 0 X 0 0 0 0 0 0 0 0 0 0 0 0 X 0 0 0 0 X X 0 X 0 X 0 0 0 0 0 0 0 X 0 0 0 0 0 0 0 X 0 0 0 0 0 0 X 0 0 0 X 0 0 0 0 X 0 0 0 0 0 X 0 0 0 X X 0 0 0 0 0 0 X 0 0 0 0 0 0 X 0 0 0 X 0 0 0 0 0 0 0 0 0 0 X
X 0 0 0 0 0 0 0 0 0 X 0 X 0 0 0 X 0 0 0 0 0 0 0 0 X 0 0 0 0 0 X 0 0 X 0 X X 0 0 0 0 0 0 0 0 0 0 0 X X 0 X 0 0 X X 0 0 0 0 0 0 0 0 0 0 0 0 0 0 0 X 0 0 X 0 0 0 0 0 X 0 0 0 0 X 0 0 0 0 0 0 X X 0 0 X 0 X
X 0 X 0 0 X 0 0 0 0 0 0 0 0 0 0 0 0 0 0 0 X 0 0 0 0 0 X 0 0 0 0 0 0 0 0 0 0 X 0 0 0 X 0 0 0 0 0 0 0 0 X 0 0 0 0 0 0 0 0 0 0 0 0 0 0 0 X 0 X 0 0 X 0 0 0 0 0 0 0 0 0 0 0 X 0 X X 0 0 X 0 0 0 0 X 0 0 X X
X 0 0 0 0 0 0 0 X 0 X 0 0 0 X 0 0 0 0 0 0 0 0 0 0 X 0 X 0 0 X X 0 0 X 0 0 0 X 0 0 0 0 0 X 0 0 0 X 0 0 0 0 0 0 X 0 X 0 X 0 0 X 0 0 0 0 0 0 X 0 0 X 0 0 X 0 X 0 0 0 0 X 0 0 0 0 X X 0 0 0 0 0 0 X 0 X 0 X
X 0 X 0 X X 0 0 0 X 0 0 0 0 0 0 X 0 0 0 X 0 X 0 0 0 0 0 0 0 0 X X 0 0 0 0 0 0 0 0 0 0 0 0 0 0 0 X 0 0 0 X 0 0 0 X X X 0 X 0 0 0 0 0 0 0 0 0 0 0 0 0 0 0 0 0 0 0 0 0 0 0 0 0 X 0 X 0 0 0 0 0 0 0 0 X X X
X 0 X 0 0 0 0 0 0 0 0 0 0 0 X 0 0 X 0 0 0 0 X X 0 0 0 0 0 0 0 0 0 0 0 X X 0 0 0 X 0 X 0 0 X 0 0 X 0 0 X 0 0 0 0 0 0 0 X 0 0 0 0 0 X 0 X 0 0 0 0 0 0 0 0 0 0 0 0 0 X 0 0 0 X 0 X 0 X 0 0 X 0 0 0 0 0 0 X
X 0 X 0 0 0 0 0 0 0 X 0 0 X 0 0 0 0 0 0 0 X 0 0 0 0 0 0 0 0 0 X X 0 X 0 X 0 X 0 0 X 0 0 0 0 0 0 0 X 0 X X 0 0 X X 0 0 0 X X X 0 0 0 0 X 0 0 0 0 0 X X 0 X 0 0 X 0 0 0 0 0 0 X 0 X 0 0 X 0 X 0 0 0 0 0 X
X 0 X 0 0 X 0 X 0 0 0 0 0 0 0 0 0 0 0 0 0 0 0 X 0 0 0 0 0 X X 0 0 0 0 0 0 0 0 0 X 0 0 0 0 0 X 0 0 0 0 0 0 X 0 0 0 0 0 0 0 0 0 0 0 0 0 0 0 0 X 0 0 0 0 0 0 X 0 0 0 0 X 0 X 0 0 0 0 0 0 0 X X 0 X X X 0 X
X 0 0 0 0 0 0 X 0 X 0 0 0 X 0 X 0 0 0 0 X 0 0 0 0 X 0 X 0 0 0 0 0 0 X 0 X 0 X 0 X 0 0 0 0 0 X 0 0 0 0 0 0 0 0 0 0 0 0 0 0 0 0 0 0 0 0 0 0 0 0 0 0 0 0 0 0 0 X 0 0 0 X 0 0 0 0 X 0 0 0 0 X 0 0 0 X 0 0 X
X X 0 0 0 X 0 0 0 0 X 0 0 0 0 0 0 X 0 0 0 X 0 0 0 0 X 0 0 X 0 X 0 0 0 0 X 0 0 0 0 0 0 X 0 0 0 0 0 X 0 0 0 0 0 0 0 X 0 X 0 0 0 0 0 X 0 0 0 0 0 0 0 0 0 X 0 0 X 0 0 0 0 0 0 0 0 0 X X 0 0 X X 0 0 0 0 0 X
X 0 0 X 0 X X 0 0 0 X 0 0 0 0 0 0 0 0 0 X 0 0 X 0 0 0 0 0 0 0 X 0 0 X 0 X X 0 0 0 X 0 0 0 0 0 0 0 0 X 0 0 0 0 0 X 0 0 0 X X 0 X 0 0 0 0 0 0 X 0 X 0 0 0 0 X 0 0 0 X 0 X 0 0 0 X X 0 0 0 X 0 0 X 0 0 0 X
X 0 X 0 0 0 X 0 0 0 X X 0 0 0 0 X 0 0 0 0 0 0 0 0 0 0 0 X 0 0 X X X X 0 0 X X 0 X 0 0 0 0 0 0 0 0 0 0 0 0 X 0 0 0 X X 0 0 0 X 0 0 0 0 0 0 0 0 0 0 0 0 X 0 0 0 X X 0 0 0 0 0 0 0 0 0 0 0 X 0 0 0 0 0 0 X
X 0 0 X 0 0 0 0 0 0 0 0 X X X 0 0 X 0 X 0 0 0 0 X 0 0 0 X X X 0 0 0 0 0 0 X 0 0 0 0 0 X 0 0 0 0 0 0 0 0 0 0 0 0 0 X 0 0 0 0 0 X 0 0 0 X 0 0 X X X 0 X 0 X 0 0 0 X 0 0 X 0 X 0 0 0 0 X 0 0 0 0 X 0 0 X X
X 0 X 0 0 0 X 0 0 0 0 0 0 0 0 0 0 0 0 X 0 0 X 0 0 0 0 0 0 X X 0 0 X 0 X 0 0 0 X 0 0 0 0 0 X X 0 0 0 0 0 0 0 0 X 0 X X X 0 0 0 0 X 0 0 0 X X 0 X 0 0 0 X 0 X 0 0 X 0 0 0 0 X 0 0 X 0 0 0 0 X 0 X X 0 0 X
X 0 X 0 0 0 0 0 0 0 0 0 0 0 0 0 0 0 0 X 0 0 0 0 0 X 0 0 0 0 0 0 0 0 0 0 0 0 0 0 0 0 X X X X 0 0 0 X X 0 0 0 0 0 X 0 0 0 0 0 0 0 0 0 0 0 0 0 X X 0 X X 0 X 0 X 0 0 0 0 X 0 0 0 X 0 0 0 0 X X 0 0 X 0 0 X
X 0 0 0 0 0 0 X 0 X 0 X 0 0 0 0 0 0 0 0 0 0 0 0 X 0 0 0 0 X 0 X 0 0 0 0 0 X X 0 0 0 0 0 0 X 0 X 0 X 0 0 0 0 0 0 X 0 0 0 0 0 0 0 0 0 0 0 0 0 0 X 0 0 X 0 X 0 0 0 0 0 0 0 X X 0 0 0 0 0 X X 0 X 0 0 0 X X
X X 0 0 0 0 0 0 X X 0 0 0 0 0 0 0 0 0 X X 0 0 0 0 0 0 0 0 0 0 0 X 0 0 0 0 0 0 X X 0 0 0 0 0 0 0 0 0 0 0 0 X 0 0 0 X 0 0 X 0 0 0 0 0 0 0 0 0 0 0 0 X X 0 0 X X 0 0 0 0 0 X X 0 0 0 0 0 0 0 0 0 X 0 X 0 X
X 0 0 X 0 X 0 0 X 0 0 0 0 0 0 0 0 0 0 0 0 0 0 0 0 0 0 0 0 X 0 0 0 0 0 0 X 0 0 0 X 0 0 0 0 0 0 0 X 0 X 0 0 0 0 0 X 0 0 X 0 0 X X X 0 0 X X 0 0 0 X 0 X 0 0 X 0 0 0 0 0 0 0 X 0 0 0 0 0 X X 0 0 0 0 0 0 X
X 0 X 0 0 X 0 0 X 0 0 0 0 0 0 X 0 0 0 X 0 0 0 0 0 X 0 0 0 0 0 X 0 0 0 X 0 0 0 0 0 0 X 0 0 0 X 0 0 0 0 0 0 0 X 0 0 X 0 0 0 0 0 0 0 0 0 0 0 0 X X 0 0 0 0 X 0 0 0 X X 0 0 0 0 X 0 0 0 0 0 X 0 0 0 0 0 0 X
X 0 0 0 0 X 0 X 0 0 X 0 0 0 X X 0 0 0 0 0 0 0 0 0 0 X X 0 0 X 0 0 X X 0 0 0 0 0 0 X 0 0 0 X 0 0 0 0 0 0 0 0 X X 0 0 0 0 0 X 0 X 0 X X X 0 0 0 0 0 0 0 0 0 0 0 X 0 0 0 0 0 X X 0 0 0 0 0 0 0 0 X 0 0 X X
X 0 0 0 X X 0 X 0 0 X 0 0 0 0 X X 0 0 0 0 0 0 X X 0 X 0 0 0 0 0 0 0 0 0 0 0 0 0 0 0 X 0 0 0 0 0 X 0 X X 0 X 0 X 0 0 0 X 0 X X 0 0 X 0 0 0 0 X 0 0 0 0 0 0 0 0 X X 0 0 0 0 X 0 0 0 X 0 0 0 0 0 0 0 0 0 X
X 0 X 0 X 0 0 0 0 0 X 0 0 X 0 0 0 X 0 0 0 0 X 0 0 0 0 0 0 0 0 X 0 X 0 X X 0 X X 0 0 0 X 0 0 0 0 0 0 0 0 0 0 X 0 0 0 0 0 X 0 0 0 0 0 0 0 0 X 0 0 X X 0 X 0 0 0 0 0 0 0 X 0 0 0 0 0 0 0 X 0 0 X 0 0 0 X X
X 0 0 0 0 0 0 X 0 0 0 0 X X 0 0 X 0 0 0 0 0 0 0 X 0 0 0 X 0 0 X X 0 0 0 0 0 X 0 0 X 0 0 0 0 0 X 0 0 0 0 0 X 0 X 0 0 0 0 X 0 0 0 0 0 0 0 X 0 0 X 0 X 0 0 0 X 0 0 X 0 0 0 0 X 0 X 0 0 0 X 0 0 0 0 0 X 0 X
X 0 0 0 0 0 0 0 0 0 0 X 0 0 0 0 0 X 0 X 0 X 0 X X X 0 0 X 0 0 0 0 0 0 0 0 0 0 0 X 0 X X 0 0 X 0 0 0 0 0 X X X 0 0 0 0 0 0 0 0 0 0 X 0 0 0 X 0 0 0 X 0 X 0 0 X 0 0 0 0 0 X 0 0 0 0 X 0 0 0 0 X 0 0 X X X
X 0 0 0 0 0 0 0 X 0 X 0 0 0 0 X 0 X X 0 0 0 X 0 0 0 0 0 0 X 0 0 0 0 0 0 0 0 X 0 0 X 0 0 X X 0 0 0 0 0 0 X X 0 0 0 0 X 0 0 0 0 0 0 0 X 0 0 0 0 0 0 0 X 0 X 0 0 0 0 0 0 0 0 0 0 0 0 X 0 X 0 X 0 0 0 X 0 X
X X 0 0 X 0 X 0 0 0 0 0 X 0 X X 0 0 0 0 0 0 0 0 0 X 0 0 X 0 0 X 0 0 0 0 0 0 X X X 0 X 0 0 0 0 0 X 0 0 0 X 0 0 0 0 X 0 0 X 0 0 X 0 0 0 0 0 0 0 X 0 0 0 0 0 0 0 0 0 X 0 0 0 X 0 X 0 0 0 0 0 0 0 X 0 0 0 X
X 0 0 0 X 0 0 0 0 X 0 X 0 0 0 0 0 0 X X X 0 0 0 0 0 0 0 X 0 0 0 0 0 0 0 X 0 0 0 0 0 0 0 X 0 0 0 0 0 0 0 0 X 0 0 0 0 0 0 0 X 0 0 0 X 0 0 0 0 X X 0 0 X 0 0 0 0 0 X 0 0 0 0 0 0 0 0 X 0 0 0 0 X 0 X 0 X X
X X 0 0 0 0 0 0 0 0 X 0 0 0 0 0 X 0 0 X X 0 0 0 0 0 0 X 0 0 X 0 0 0 0 X 0 0 0 0 0 0 0 0 0 0 0 0 0 0 0 0 0 0 0 0 0 0 0 X 0 0 X 0 0 0 0 0 0 0 X 0 0 0 0 0 0 0 0 X 0 0 0 0 0 0 0 0 0 0 0 0 0 X 0 X 0 0 0 X
X X X 0 0 0 0 0 0 X X 0 X 0 0 0 0 0 0 0 0 0 X 0 X 0 0 0 0 0 0 0 0 0 0 X 0 0 0 0 0 0 0 0 X 0 X 0 0 0 X 0 0 0 X X X 0 0 0 0 0 X 0 0 0 0 X 0 0 0 X 0 X 0 0 X 0 0 0 X X 0 0 X 0 0 0 0 X X 0 0 0 0 0 0 X 0 X
X 0 0 0 0 0 0 0 0 0 0 X 0 0 0 0 0 0 0 X 0 0 0 X 0 0 0 0 0 0 0 0 0 0 0 0 0 0 0 0 0 0 0 0 X X 0 0 0 0 0 0 0 0 0 0 0 0 X 0 0 0 0 0 X 0 0 0 X 0 0 0 0 0 0 0 X 0 0 0 0 0 0 X 0 0 X 0 0 0 0 0 X X 0 0 0 0 0 X
X 0 X 0 X 0 0 0 0 0 0 0 0 0 0 0 0 X 0 0 0 0 0 0 0 0 0 X 0 0 0 0 X 0 0 0 0 0 0 0 X 0 0 X 0 0 0 0 0 0 X 0 0 0 0 0 0 0 0 0 0 0 0 0 0 0 0 0 X 0 0 0 0 X 0 0 X 0 X 0 0 0 0 0 0 0 0 0 0 0 0 0 0 0 0 0 0 0 0 X
X 0 0 0 0 0 0 0 0 X 0 0 0 0 0 0 0 0 0 0 X 0 0 0 0 0 0 X 0 0 0 X 0 X 0 0 0 0 X 0 0 0 0 X 0 X 0 0 0 0 0 0 0 0 0 X 0 0 X 0 0 X 0 0 0 0 0 0 0 0 0 0 0 0 0 0 0 0 0 X 0 0 0 0 0 X 0 X X 0 X 0 0 X X 0 0 0 0 X
X 0 0 0 0 0 0 0 X 0 0 0 0 0 0 0 X 0 0 X 0 0 0 0 X 0 0 0 0 X X 0 0 0 0 X 0 0 0 0 0 X 0 0 0 0 0 0 0 0 0 0 0 0 X 0 0 0 X 0 X X 0 0 0 0 0 0 0 0 0 0 0 0 0 0 0 0 0 0 0 0 0 0 X X 0 0 0 0 X 0 0 0 0 X X 0 X X
X 0 0 0 X 0 0 0 0 0 X 0 X 0 0 0 0 0 0 0 0 X 0 X 0 0 X 0 0 0 0 X 0 0 0 X 0 0 0 0 0 0 0 0 0 0 0 X 0 0 0 0 0 0 0 0 0 0 0 0 X 0 0 0 X X 0 0 0 0 0 0 0 0 0 0 0 0 0 X 0 0 0 0 0 X 0 0 0 0 0 0 0 0 0 0 0 0 0 X
X X X 0 0 X 0 0 0 0 X 0 0 X 0 0 0 0 0 0 0 0 0 0 0 0 0 0 0 0 0 X 0 X X 0 0 X 0 X 0 0 X 0 0 0 0 0 X 0 0 X 0 X X 0 0 0 0 0 0 X 0 X 0 0 0 0 0 X 0 0 0 0 0 0 0 0 0 0 0 0 X X 0 0 X 0 X X 0 0 0 0 0 0 X 0 X X
X 0 0 0 0 0 0 0 X X 0 0 0 0 0 X 0 0 X 0 0 0 0 X 0 0 0 X 0 0 X 0 0 0 0 X 0 0 0 X 0 0 0 0 0 0 0 0 0 0 0 X 0 X 0 0 X 0 0 0 0 0 X X 0 0 0 0 0 0 0 0 0 0 0 0 X 0 X 0 0 0 0 0 0 0 0 0 0 0 0 0 0 0 X 0 0 0 0 X
X 0 0 0 0 0 0 0 0 0 0 0 X 0 0 0 X 0 0 0 0 0 0 X 0 0 0 0 0 0 0 0 X 0 X 0 0 0 0 0 0 0 0 0 0 0 0 X X 0 0 0 0 0 0 0 0 0 0 0 0 0 0 0 X 0 0 0 0 0 0 0 0 X X 0 0 0 X 0 X 0 0 0 0 0 0 0 0 X 0 0 0 0 X 0 0 0 0 X
X 0 0 0 X X 0 0 0 0 X 0 X X 0 0 0 0 0 0 0 0 0 0 0 0 0 X X 0 0 0 X X 0 0 0 X 0 0 0 0 0 0 0 X 0 0 0 0 0 0 0 0 0 0 0 0 0 0 0 0 0 0 0 X 0 0 0 0 0 0 X 0 0 0 0 0 0 0 0 0 0 0 0 X 0 0 0 0 0 0 X 0 0 X X 0 0 X
X 0 0 0 0 0 0 0 0 0 0 X 0 X 0 0 0 X 0 0 0 0 0 0 0 0 0 0 0 0 0 0 X 0 X 0 0 X 0 X 0 0 0 0 0 0 0 0 0 X 0 0 0 0 0 X 0 0 0 0 0 0 0 0 0 0 X 0 0 X 0 0 0 0 0 0 0 0 0 0 0 0 0 0 X 0 0 0 0 0 0 0 0 X 0 0 0 0 X X
X 0 0 X 0 0 0 0 0 0 0 0 X 0 0 X 0 0 0 0 0 0 0 0 0 0 0 0 X 0 X X 0 0 0 0 0 0 0 0 0 0 0 0 0 X 0 0 X 0 0 0 0 0 0 X 0 0 0 0 0 0 0 X 0 0 0 0 0 X 0 0 0 0 0 0 0 0 0 0 0 X 0 0 0 0 X 0 X 0 0 X 0 X X 0 0 0 0 X
X 0 0 0 0 X 0 0 0 0 X X 0 0 0 0 0 0 X 0 0 0 0 X 0 0 0 0 0 0 X 0 X 0 X 0 0 0 X 0 0 0 0 0 0 0 0 0 0 0 0 0 0 0 0 0 0 0 0 X 0 0 0 0 X 0 X 0 0 0 0 0 0 0 0 X 0 0 0 X X 0 0 0 X 0 0 0 X 0 0 0 0 0 0 0 0 X X X
X 0 0 0 X 0 0 0 0 0 0 0 0 0 0 0 0 0 0 X 0 0 0 0 0 0 0 0 0 0 0 0 0 X X X 0 0 X X 0 0 0 X 0 X 0 0 0 0 X 0 0 0 0 0 0 X X 0 0 0 X 0 0 0 0 0 0 0 0 0 0 0 X 0 0 X 0 X 0 X 0 0 X 0 0 0 X 0 0 0 0 0 0 0 0 0 X X
X 0 0 0 0 0 0 0 0 0 0 0 0 0 0 0 0 0 0 X 0 0 0 0 0 0 0 X X 0 X 0 0 0 X 0 0 0 0 X 0 0 0 0 0 0 0 0 0 0 X 0 0 0 X 0 0 X 0 0 0 0 X 0 X 0 0 0 X X 0 X X 0 0 0 X 0 0 0 0 0 0 0 0 X 0 0 X X X 0 0 0 0 X 0 0 0 X
X 0 0 0 0 0 0 X 0 0 0 0 0 0 0 0 0 0 0 0 0 X 0 0 X 0 0 0 0 0 X 0 0 0 0 0 X 0 X X 0 0 0 0 0 0 0 0 0 0 0 0 X X 0 X X 0 X 0 0 X 0 0 0 X 0 0 0 0 0 0 0 0 X X 0 X 0 0 X X 0 0 X X 0 X 0 0 0 0 0 0 X X 0 0 0 X
X 0 X 0 X 0 0 0 0 X 0 0 0 X X 0 0 X 0 0 0 0 0 X X 0 0 0 0 X 0 0 0 X 0 0 0 0 0 X X X 0 0 0 0 X X 0 X 0 0 0 0 0 0 0 0 0 0 0 0 0 X X X 0 0 0 0 0 0 0 0 X 0 0 0 0 0 0 0 0 X 0 0 0 0 X 0 0 0 X 0 0 X 0 0 X X
X 0 0 0 0 X 0 0 X 0 0 0 0 0 0 0 0 0 0 X X 0 0 X 0 0 0 0 0 X 0 X 0 0 0 0 0 0 0 X 0 0 0 0 0 0 0 X 0 0 X 0 0 0 0 0 X 0 0 0 0 X X X 0 0 X 0 0 0 0 X X 0 0 0 0 0 0 X 0 0 0 0 X 0 0 X 0 0 0 0 X 0 X 0 0 0 0 X
X 0 X 0 0 X 0 X 0 0 0 0 0 0 X 0 0 0 X 0 0 0 0 0 0 0 0 0 0 0 X 0 0 0 0 0 0 X 0 X X 0 0 X 0 X 0 0 0 X 0 0 X X 0 0 X 0 0 X 0 0 0 0 0 0 0 0 X 0 0 0 0 0 0 0 0 0 0 X 0 0 X 0 X 0 0 0 0 X 0 0 0 0 X 0 0 X X X
X 0 0 0 0 X 0 X 0 0 0 0 0 0 X 0 0 0 0 X 0 0 X 0 0 0 0 0 0 0 0 0 X 0 0 0 X 0 0 0 0 0 0 0 0 X 0 0 X 0 X 0 0 0 0 0 0 0 0 0 0 X 0 0 0 0 0 0 0 0 0 X 0 0 0 0 0 0 0 0 0 X 0 0 0 0 0 0 0 0 0 0 0 0 0 0 0 0 X X
X 0 0 0 0 0 0 0 0 0 0 0 0 0 0 0 0 0 0 0 0 0 0 X 0 0 0 0 0 0 0 X 0 0 0 0 0 X X X 0 0 0 0 0 0 0 0 0 X 0 0 X 0 0 X 0 0 0 0 X 0 0 0 0 0 0 0 0 0 0 0 0 X 0 X 0 0 0 0 0 0 0 0 0 0 0 0 X 0 0 0 0 0 0 0 X 0 0 X
X 0 0 X X 0 0 0 0 0 0 X 0 0 0 X 0 0 0 0 0 0 0 0 0 0 0 0 0 0 0 0 X 0 0 0 0 0 X 0 0 0 0 0 0 X 0 0 0 X 0 0 0 0 0 0 0 0 0 0 0 X 0 0 0 0 0 X 0 0 0 0 0 0 0 0 X 0 0 X 0 0 0 X 0 0 X 0 X 0 0 0 0 0 0 0 0 0 X X
X X 0 X 0 0 0 0 0 0 0 0 X X 0 0 X 0 0 X 0 0 X 0 0 0 0 0 0 0 0 0 0 0 X 0 X 0 0 0 X 0 0 0 0 0 X 0 0 X X 0 0 0 0 0 X 0 0 0 0 0 X X 0 0 0 0 0 X 0 0 0 0 0 0 0 X 0 0 0 0 X 0 0 0 0 X 0 0 0 0 X 0 0 0 X 0 0 X
X 0 0 0 0 0 0 X 0 0 0 0 0 0 0 0 0 0 0 0 0 0 0 0 0 0 X 0 X 0 0 X X X 0 X 0 0 0 0 0 0 0 0 0 0 0 0 0 0 0 X 0 0 X 0 X 0 0 X 0 0 0 X 0 0 0 0 X 0 X 0 0 0 X 0 0 X X 0 0 X 0 0 0 0 0 0 0 X 0 0 0 0 X X 0 0 X X
X 0 0 0 0 X 0 0 0 0 0 0 0 X 0 0 0 0 0 0 0 0 X 0 0 0 0 0 X 0 0 0 0 X 0 X 0 0 X 0 0 0 0 X 0 0 0 0 0 0 0 X 0 0 0 0 X 0 0 0 0 0 X 0 0 0 0 0 0 0 X 0 X X 0 0 0 0 0 0 X 0 0 0 0 0 X 0 0 0 0 0 0 0 0 X 0 X 0 X
X 0 0 0 0 0 0 X 0 0 0 0 X 0 X X 0 0 0 X X X 0 0 0 0 0 0 0 0 0 X 0 0 0 X X X 0 X X 0 X 0 0 X 0 X X 0 0 0 0 X 0 0 0 0 0 0 0 0 0 0 X X 0 0 0 X 0 0 0 0 0 X 0 0 0 0 0 0 0 0 0 0 X 0 0 0 X 0 0 0 X 0 0 X 0 X
X 0 0 0 0 0 0 0 0 X X 0 0 0 0 0 0 0 0 0 0 0 0 0 X 0 X 0 0 X 0 0 0 0 0 0 0 0 0 0 0 X X 0 0 X 0 0 0 0 0 0 0 0 0 X 0 X 0 X 0 0 0 0 X X X 0 0 0 X 0 0 0 0 0 0 0 0 X X 0 X 0 0 0 0 X 0 0 0 0 0 0 0 0 0 X 0 X
X 0 0 0 0 0 0 0 0 0 0 0 0 0 0 X 0 0 0 0 0 0 X 0 0 0 X 0 0 0 0 0 0 0 0 0 0 0 0 0 0 0 X 0 X 0 0 0 0 0 0 X 0 0 0 0 0 0 X 0 X 0 X 0 0 0 X 0 0 0 0 0 X 0 0 0 0 X 0 0 X 0 X 0 0 0 0 0 0 X 0 0 0 0 0 X 0 X 0 X
X 0 0 0 X 0 X 0 0 X X X 0 0 0 0 0 X 0 0 0 0 0 X 0 0 0 0 0 X X 0 X 0 X 0 0 X 0 0 0 X X 0 0 0 0 0 0 0 X 0 0 0 0 X 0 0 X 0 0 0 0 X 0 0 0 0 0 0 0 0 0 0 X X 0 0 X 0 0 0 0 0 0 0 0 0 0 X 0 0 0 X 0 0 0 X 0 X
X 0 X 0 0 0 0 X 0 0 0 0 0 X X X 0 0 X 0 0 0 0 0 0 0 0 X 0 0 0 X 0 0 0 0 0 0 X 0 0 0 X 0 0 0 0 0 0 0 0 0 X X 0 0 X X 0 X X 0 0 0 0 0 0 0 X X 0 0 0 0 0 0 X 0 0 X 0 X 0 X X X 0 0 X 0 0 0 0 0 X X X 0 0 X
X 0 0 0 0 0 0 0 0 0 0 0 0 0 0 0 0 X 0 0 X 0 X 0 0 X 0 0 X 0 0 0 0 X 0 X 0 0 0 0 0 0 0 X 0 0 0 X X X X 0 0 0 0 X X 0 X 0 0 0 0 0 0 X 0 0 0 X 0 X 0 0 0 X 0 0 0 X X X 0 0 X 0 0 0 0 0 0 0 X X 0 X 0 0 0 X
X 0 X 0 0 0 0 0 0 0 0 0 0 0 0 0 0 0 0 X 0 0 0 0 0 0 0 0 X 0 0 0 0 X 0 0 0 0 0 X X 0 0 0 0 0 0 0 X 0 0 0 0 0 0 X 0 0 X 0 0 0 0 0 X 0 X 0 0 0 0 X 0 0 0 0 0 0 0 X 0 0 0 0 X 0 X 0 0 0 0 0 X X 0 0 0 0 0 X
X 0 X 0 X 0 0 0 0 0 0 0 0 X 0 0 0 0 0 X 0 0 0 0 0 0 0 0 0 X 0 0 0 X X 0 0 0 0 0 0 X X 0 0 0 0 0 0 0 X 0 0 0 0 0 X 0 0 0 0 0 0 0 0 0 X 0 0 0 X 0 0 0 0 X 0 0 0 X 0 0 0 0 0 0 X 0 0 0 0 X 0 0 0 X 0 0 0 X
X 0 0 0 0 X X X X 0 0 X X 0 X 0 X 0 0 0 0 0 0 0 0 0 0 0 0 0 0 X 0 0 0 0 0 0 0 0 0 0 0 0 0 0 0 0 0 0 0 0 X 0 0 0 0 0 0 0 0 0 0 0 X 0 X X 0 0 0 0 0 0 0 0 X X 0 0 0 0 X 0 0 0 0 0 0 0 0 0 0 0 0 0 0 X 0 X
X 0 0 0 0 0 X 0 X 0 X 0 0 0 0 0 X 0 0 0 0 0 0 0 0 0 0 X 0 0 0 0 0 0 X 0 X 0 0 0 0 0 0 0 0 0 0 0 0 0 0 0 0 X 0 0 0 X X 0 0 0 0 0 0 0 0 0 0 0 0 0 0 0 0 0 0 0 0 0 0 0 0 X X 0 0 X X 0 0 X 0 0 0 0 0 X 0 X
X X 0 0 0 X 0 0 X 0 0 0 0 0 0 0 0 0 0 0 X 0 0 0 0 0 0 0 0 0 X X 0 X 0 0 X 0 X 0 0 0 X 0 0 0 0 0 0 0 X 0 X X X X 0 X 0 0 0 0 0 0 0 0 0 0 X 0 0 X 0 X 0 0 0 X 0 0 0 0 0 0 X X 0 0 0 0 0 0 0 0 0 0 0 0 0 X
X 0 0 0 0 0 0 0 0 0 0 0 0 0 0 0 0 0 0 0 0 0 0 0 0 0 0 X 0 0 X 0 0 X 0 X 0 0 0 0 0 0 0 X 0 0 X X 0 X 0 0 0 0 0 X 0 0 0 0 0 X 0 0 0 0 0 0 0 0 0 0 X 0 0 0 0 0 0 0 X 0 0 0 0 0 0 0 0 0 0 0 X 0 0 0 0 0 X X
X 0 0 0 0 0 0 0 0 0 0 0 0 0 0 0 X 0 X X 0 0 0 0 0 0 X X 0 0 0 0 0 X 0 0 X 0 0 0 0 0 0 0 0 0 0 0 X 0 X 0 0 0 0 0 0 0 0 0 0 0 0 0 0 0 0 X 0 0 X 0 X X 0 0 0 X 0 X 0 X 0 0 0 0 0 0 0 X 0 X 0 0 0 0 0 0 0 0
X X X X X X X X X X X X X X X X X X X X X X X X X X X X X X X X X X X X X X X X X X X X X X X X X X X X X X X X X X X X X X X X X X X X X X X X X X X X X X X X X X X X X X X X X X X X X X X X X X S X
Camino encontrado: (1, 0) -> (1, 1) -> (1, 2) -> (1, 3) -> (1, 4) -> (1, 5) -> (1, 6) -> (2, 6) -> (3, 6) -> (4, 6) -> (5, 6) -> (6, 6) -> (7, 6) -> (8, 6) -> (9, 6) -> (10, 6) -> (11, 6) -> (12, 6) -> (13, 6) -> (14, 6) -> (15, 6) -> (15, 7) -> (15, 8) -> (15, 9) -> (15, 10) -> (15, 11) -> (15, 12) -> (15, 13) -> (15, 14) -> (15, 15) -> (15, 16) -> (15, 17) -> (15, 18) -> (14, 18) -> (14, 17) -> (14, 16) -> (13, 16) -> (12, 16) -> (11, 16) -> (10, 16) -> (9, 16) -> (9, 15) -> (10, 15) -> (11, 15) -> (11, 14) -> (11, 13) -> (11, 12) -> (11, 11) -> (11, 10) -> (11, 9) -> (10, 9) -> (9, 9) -> (8, 9) -> (8, 8) -> (8, 7) -> (7, 7) -> (6, 7) -> (5, 7) -> (5, 8) -> (5, 9) -> (4, 9) -> (3, 9) -> (3, 10) -> (3, 11) -> (3, 12) -> (3, 13) -> (2, 13) -> (1, 13) -> (1, 14) -> (1, 15) -> (1, 16) -> (1, 17) -> (1, 18) -> (1, 19) -> (2, 19) -> (3, 19) -> (4, 19) -> (5, 19) -> (6, 19) -> (6, 20) -> (5, 20) -> (4, 20) -> (3, 20) -> (3, 21) -> (3, 22) -> (2, 22) -> (1, 22) -> (1, 23) -> (1, 24) -> (1, 25) -> (1, 26) -> (2, 26) -> (3, 26) -> (4, 26) -> (5, 26) -> (6, 26) -> (6, 27) -> (6, 28) -> (6, 29) -> (6, 30) -> (6, 31) -> (6, 32) -> (6, 33) -> (6, 34) -> (6, 35) -> (5, 35) -> (4, 35) -> (4, 34) -> (5, 34) -> (5, 33) -> (5, 32) -> (5, 31) -> (5, 30) -> (5, 29) -> (5, 28) -> (5, 27) -> (4, 27) -> (3, 27) -> (2, 27) -> (2, 28) -> (2, 29) -> (2, 30) -> (2, 31) -> (2, 32) -> (2, 33) -> (1, 33) -> (1, 34) -> (1, 35) -> (1, 36) -> (2, 36) -> (3, 36) -> (4, 36) -> (5, 36) -> (5, 37) -> (4, 37) -> (4, 38) -> (4, 39) -> (5, 39) -> (6, 39) -> (7, 39) -> (8, 39) -> (9, 39) -> (10, 39) -> (11, 39) -> (11, 40) -> (11, 41) -> (11, 42) -> (11, 43) -> (11, 44) -> (11, 45) -> (11, 46) -> (11, 47) -> (11, 48) -> (11, 49) -> (11, 50) -> (11, 51) -> (11, 52) -> (11, 53) -> (11, 54) -> (11, 55) -> (11, 56) -> (11, 57) -> (11, 58) -> (11, 59) -> (11, 60) -> (10, 60) -> (9, 60) -> (8, 60) -> (7, 60) -> (6, 60) -> (5, 60) -> (4, 60) -> (3, 60) -> (3, 61) -> (3, 62) -> (3, 63) -> (3, 64) -> (3, 65) -> (3, 66) -> (3, 67) -> (2, 67) -> (2, 68) -> (2, 69) -> (1, 69) -> (1, 70) -> (1, 71) -> (1, 72) -> (1, 73) -> (2, 73) -> (3, 73) -> (4, 73) -> (5, 73) -> (5, 74) -> (5, 75) -> (4, 75) -> (3, 75) -> (2, 75) -> (1, 75) -> (1, 76) -> (1, 77) -> (1, 78) -> (2, 78) -> (3, 78) -> (4, 78) -> (5, 78) -> (6, 78) -> (7, 78) -> (8, 78) -> (9, 78) -> (10, 78) -> (11, 78) -> (12, 78) -> (13, 78) -> (13, 79) -> (13, 80) -> (13, 81) -> (12, 81) -> (11, 81) -> (10, 81) -> (10, 80) -> (9, 80) -> (8, 80) -> (8, 81) -> (8, 82) -> (7, 82) -> (6, 82) -> (6, 83) -> (6, 84) -> (7, 84) -> (8, 84) -> (8, 85) -> (7, 85) -> (7, 86) -> (7, 87) -> (7, 88) -> (7, 89) -> (7, 90) -> (8, 90) -> (9, 90) -> (9, 91) -> (9, 92) -> (9, 93) -> (9, 94) -> (9, 95) -> (9, 96) -> (9, 97) -> (9, 98) -> (10, 98) -> (11, 98) -> (12, 98) -> (13, 98) -> (14, 98) -> (15, 98) -> (15, 97) -> (15, 96) -> (15, 95) -> (15, 94) -> (15, 93) -> (15, 92) -> (15, 91) -> (15, 90) -> (15, 89) -> (15, 88) -> (15, 87) -> (15, 86) -> (15, 85) -> (15, 84) -> (15, 83) -> (16, 83) -> (17, 83) -> (18, 83) -> (19, 83) -> (20, 83) -> (20, 84) -> (20, 85) -> (20, 86) -> (20, 87) -> (20, 88) -> (20, 89) -> (19, 89) -> (18, 89) -> (17, 89) -> (16, 89) -> (16, 90) -> (16, 91) -> (17, 91) -> (17, 90) -> (18, 90) -> (19, 90) -> (19, 91) -> (19, 92) -> (19, 93) -> (19, 94) -> (19, 95) -> (19, 96) -> (19, 97) -> (19, 98) -> (20, 98) -> (21, 98) -> (22, 98) -> (23, 98) -> (24, 98) -> (25, 98) -> (26, 98) -> (27, 98) -> (28, 98) -> (28, 97) -> (28, 96) -> (28, 95) -> (28, 94) -> (28, 93) -> (28, 92) -> (28, 91) -> (28, 90) -> (28, 89) -> (28, 88) -> (28, 87) -> (28, 86) -> (28, 85) -> (28, 84) -> (28, 83) -> (28, 82) -> (28, 81) -> (28, 80) -> (28, 79) -> (28, 78) -> (29, 78) -> (30, 78) -> (31, 78) -> (32, 78) -> (33, 78) -> (34, 78) -> (35, 78) -> (36, 78) -> (37, 78) -> (38, 78) -> (39, 78) -> (40, 78) -> (40, 79) -> (40, 80) -> (40, 81) -> (39, 81) -> (39, 80) -> (38, 80) -> (37, 80) -> (36, 80) -> (35, 80) -> (34, 80) -> (33, 80) -> (32, 80) -> (31, 80) -> (30, 80) -> (30, 81) -> (30, 82) -> (30, 83) -> (29, 83) -> (29, 84) -> (29, 85) -> (29, 86) -> (29, 87) -> (29, 88) -> (29, 89) -> (29, 90) -> (29, 91) -> (29, 92) -> (30, 92) -> (31, 92) -> (31, 93) -> (31, 94) -> (31, 95) -> (31, 96) -> (32, 96) -> (33, 96) -> (34, 96) -> (35, 96) -> (36, 96) -> (37, 96) -> (38, 96) -> (39, 96) -> (39, 97) -> (39, 98) -> (40, 98) -> (41, 98) -> (42, 98) -> (43, 98) -> (44, 98) -> (44, 97) -> (44, 96) -> (44, 95) -> (44, 94) -> (44, 93) -> (45, 93) -> (45, 94) -> (46, 94) -> (47, 94) -> (47, 95) -> (48, 95) -> (48, 96) -> (49, 96) -> (50, 96) -> (51, 96) -> (52, 96) -> (53, 96) -> (54, 96) -> (55, 96) -> (56, 96) -> (57, 96) -> (58, 96) -> (58, 97) -> (59, 97) -> (60, 97) -> (60, 98) -> (61, 98) -> (62, 98) -> (63, 98) -> (64, 98) -> (64, 97) -> (64, 96) -> (64, 95) -> (63, 95) -> (62, 95) -> (61, 95) -> (61, 94) -> (61, 93) -> (61, 92) -> (61, 91) -> (62, 91) -> (63, 91) -> (64, 91) -> (65, 91) -> (66, 91) -> (67, 91) -> (68, 91) -> (69, 91) -> (70, 91) -> (71, 91) -> (71, 92) -> (72, 92) -> (73, 92) -> (74, 92) -> (75, 92) -> (76, 92) -> (76, 93) -> (75, 93) -> (74, 93) -> (73, 93) -> (73, 94) -> (73, 95) -> (73, 96) -> (74, 96) -> (75, 96) -> (76, 96) -> (77, 96) -> (78, 96) -> (79, 96) -> (80, 96) -> (80, 97) -> (81, 97) -> (82, 97) -> (83, 97) -> (84, 97) -> (84, 96) -> (85, 96) -> (86, 96) -> (87, 96) -> (88, 96) -> (89, 96) -> (89, 95) -> (89, 94) -> (88, 94) -> (87, 94) -> (87, 93) -> (87, 92) -> (87, 91) -> (87, 90) -> (87, 89) -> (87, 88) -> (88, 88) -> (89, 88) -> (89, 87) -> (89, 86) -> (89, 85) -> (89, 84) -> (89, 83) -> (89, 82) -> (89, 81) -> (89, 80) -> (89, 79) -> (88, 79) -> (88, 78) -> (87, 78) -> (86, 78) -> (85, 78) -> (85, 77) -> (85, 76) -> (85, 75) -> (85, 74) -> (86, 74) -> (87, 74) -> (88, 74) -> (88, 75) -> (88, 76) -> (89, 76) -> (89, 77) -> (90, 77) -> (91, 77) -> (92, 77) -> (93, 77) -> (93, 78) -> (94, 78) -> (95, 78) -> (96, 78) -> (97, 78) -> (97, 79) -> (96, 79) -> (95, 79) -> (94, 79) -> (94, 80) -> (94, 81) -> (93, 81) -> (92, 81) -> (92, 82) -> (92, 83) -> (93, 83) -> (94, 83) -> (94, 84) -> (94, 85) -> (94, 86) -> (94, 87) -> (94, 88) -> (94, 89) -> (94, 90) -> (94, 91) -> (94, 92) -> (94, 93) -> (94, 94) -> (94, 95) -> (94, 96) -> (93, 96) -> (92, 96) -> (91, 96) -> (91, 97) -> (91, 98) -> (92, 98) -> (93, 98) -> (94, 98) -> (95, 98) -> (96, 98) -> (96, 97) -> (96, 96) -> (96, 95) -> (96, 94) -> (96, 93) -> (97, 93) -> (98, 93) -> (98, 94) -> (98, 95) -> (98, 96) -> (98, 97) -> (98, 98) -> (99, 98)
Tiempo de ejecución: 1.4772 milisegundos
