Laberinto:
X X X X X X X X X X X X X X X X X X X X X X X X X X X X X X X X X X X X X X X X X X X X X X X X X X
E 0 0 X 0 0 0 0 0 0 0 0 X X 0 X 0 0 0 0 0 0 0 0 0 0 0 0 0 0 X 0 0 0 0 0 X 0 0 0 0 0 0 0 0 0 0 0 0 X
X 0 0 X 0 0 X 0 X 0 X 0 0 0 0 0 0 0 0 0 0 X 0 0 0 0 0 0 0 0 0 0 0 0 0 0 0 0 0 X 0 X 0 0 0 X 0 0 0 X
X 0 0 0 0 X X 0 0 X 0 0 0 X 0 0 0 0 X 0 0 0 0 0 X X 0 0 X 0 0 X 0 0 0 X 0 X X 0 0 0 0 0 0 0 0 X 0 X
X 0 X 0 0 X 0 X 0 X X 0 0 X 0 0 X 0 0 X 0 0 X 0 0 0 0 0 0 0 0 0 0 0 X X X 0 0 0 0 0 0 0 0 0 X 0 0 X
X X 0 0 0 0 0 0 0 0 0 0 0 0 0 0 X 0 0 0 0 0 0 0 0 0 0 0 X X 0 X 0 0 X X 0 0 X 0 0 X 0 0 0 X 0 0 0 X
X 0 0 0 0 0 0 0 0 0 X 0 0 X 0 0 0 0 0 0 0 0 X X 0 0 X 0 0 0 0 0 0 0 0 0 0 0 0 0 X 0 0 X 0 0 X X 0 X
X 0 0 0 0 0 0 0 0 0 0 0 X 0 0 0 0 0 0 X 0 0 0 0 0 0 0 0 0 0 X X 0 X 0 X 0 X 0 X 0 0 0 X 0 0 0 0 0 X
X 0 0 0 0 0 0 0 0 0 0 0 0 X 0 0 X X 0 0 0 X 0 0 0 0 X 0 0 0 0 X 0 0 0 0 0 X 0 0 0 0 0 X 0 0 X 0 0 X
X X 0 X 0 0 0 0 0 X X 0 0 0 X 0 0 0 0 0 0 X 0 X 0 0 X 0 X X 0 X 0 X 0 0 0 X 0 0 0 0 0 0 0 0 0 X 0 X
X 0 X 0 X 0 0 0 0 0 0 0 X 0 0 X 0 0 0 0 0 0 0 0 0 X 0 X 0 X X 0 X X 0 0 0 0 X 0 0 0 0 0 0 X 0 0 0 X
X 0 X X 0 0 0 0 X 0 0 0 0 0 X X X 0 0 0 0 0 0 0 0 0 0 0 X 0 0 X 0 0 0 0 X 0 0 0 0 X X 0 X X 0 0 X X
X X 0 0 0 0 0 0 X 0 X 0 X X X 0 0 X X 0 0 0 0 0 0 0 X 0 0 0 X 0 0 0 0 0 0 0 0 X 0 0 0 0 X 0 0 0 0 X
X X 0 0 0 X 0 0 0 0 0 0 X 0 0 0 0 X 0 0 0 0 0 0 0 0 0 0 X 0 0 0 0 0 0 X 0 X 0 0 X X X 0 X 0 0 X 0 X
X 0 X 0 0 0 0 0 0 0 X 0 0 X 0 0 0 0 0 0 0 0 0 X 0 0 0 0 X 0 0 X 0 0 0 0 0 0 0 0 0 0 0 X 0 0 0 X 0 X
X 0 X 0 0 0 X 0 0 0 0 0 X X X 0 0 0 0 X 0 0 X 0 X X 0 0 0 0 0 0 X 0 0 X X 0 0 X 0 0 0 0 0 X 0 0 0 X
X 0 X 0 X 0 X 0 0 0 0 X 0 0 X 0 0 0 0 0 0 0 0 0 0 0 0 X 0 0 0 0 0 0 0 0 0 X 0 0 0 0 0 0 0 0 0 X X X
X 0 0 0 X 0 0 0 0 X X X 0 0 0 0 0 0 0 X X 0 0 X 0 0 X 0 0 X 0 X X 0 0 0 X 0 0 0 0 X 0 X 0 0 0 0 0 X
X 0 0 0 0 0 0 0 0 0 X 0 0 0 0 0 0 0 0 0 X 0 0 X X 0 0 0 0 0 0 X 0 X X X 0 0 0 0 0 0 0 X 0 0 X 0 0 X
X 0 X 0 0 0 0 0 0 0 X 0 0 0 0 0 X 0 0 0 0 0 0 0 0 X 0 X 0 0 0 0 X 0 0 0 0 0 X 0 0 X 0 0 0 0 X 0 0 X
X 0 0 0 0 0 X X 0 0 X 0 0 0 0 0 X X 0 0 0 0 0 0 0 0 0 0 0 0 0 X 0 0 0 0 0 0 0 0 X X 0 0 0 0 0 0 0 X
X 0 X 0 0 0 X 0 0 0 0 0 0 X X 0 0 0 0 X 0 0 X 0 0 0 0 0 0 0 0 0 0 0 X 0 0 0 0 0 0 0 0 0 0 X 0 0 0 X
X 0 0 0 0 X 0 0 0 0 0 0 0 0 0 0 0 0 0 0 0 X 0 0 0 0 0 X 0 0 0 0 0 X 0 0 0 0 0 0 0 0 0 0 0 X 0 0 0 X
X 0 0 X X X X 0 0 0 X 0 0 0 0 0 0 0 X 0 0 X 0 0 X 0 0 0 0 X 0 0 X X 0 X 0 0 0 0 0 0 0 0 X 0 0 X 0 X
X 0 0 0 0 0 0 X X 0 0 0 X 0 X 0 0 0 X 0 X X 0 0 X 0 X X 0 X 0 0 0 0 0 0 X 0 X X X 0 0 0 0 0 X 0 0 X
X 0 X 0 0 0 0 0 0 0 0 0 0 0 0 0 0 0 0 X X 0 0 X 0 0 0 0 0 0 0 0 0 0 0 0 X X 0 0 X 0 X X X 0 X 0 0 X
X 0 0 0 0 0 X X 0 X 0 0 0 0 0 X X 0 X 0 0 0 0 X X 0 0 0 0 0 0 0 0 0 0 X 0 0 0 0 0 0 0 0 0 0 X X 0 X
X 0 0 0 0 0 X 0 0 0 0 0 0 0 0 0 0 0 X 0 0 0 0 0 X 0 0 0 0 0 X 0 0 0 0 0 0 0 X X X X 0 0 X 0 0 0 X X
X 0 0 0 0 0 0 0 0 0 X 0 0 0 0 0 0 0 0 0 0 0 0 0 0 X X X 0 0 0 0 X 0 0 0 0 0 X 0 0 0 0 X X 0 0 0 0 X
X 0 0 0 X 0 0 0 0 X 0 X X 0 X 0 0 0 0 0 0 0 0 X 0 X 0 X 0 0 0 X 0 0 0 X 0 0 0 0 0 0 0 0 0 0 0 0 X X
X 0 0 X X 0 0 0 0 0 X 0 0 0 X 0 0 0 0 X 0 0 0 X 0 0 0 0 0 0 0 0 0 0 0 0 X 0 0 0 0 X X 0 0 0 X 0 0 X
X 0 0 0 0 0 X 0 0 0 X 0 0 0 0 0 X 0 0 X 0 0 0 0 0 0 0 0 0 X 0 0 X X 0 0 0 0 0 0 0 X 0 0 X X 0 0 0 X
X 0 0 X 0 X X 0 0 0 0 X 0 0 X 0 0 0 0 X X 0 0 0 0 0 X 0 0 0 0 X X 0 0 0 0 0 0 0 X 0 X 0 X 0 0 0 0 X
X 0 0 0 0 0 X 0 0 0 0 0 0 0 0 X 0 X 0 0 0 0 0 0 0 0 0 X 0 0 0 0 0 0 0 0 X 0 0 X 0 0 X X 0 0 0 X 0 X
X 0 0 0 0 0 0 0 0 X 0 X X 0 X X 0 0 X 0 0 0 0 0 0 X 0 0 0 0 0 0 X X 0 0 0 X X 0 X 0 0 0 0 0 0 0 0 X
X X X X 0 0 0 0 0 0 0 0 0 0 X 0 0 X X 0 0 0 0 0 0 0 0 X 0 0 X X 0 0 0 0 0 X 0 X 0 0 0 0 0 0 X 0 0 X
X 0 0 0 0 0 0 0 0 0 0 0 X X X 0 0 0 X 0 0 0 0 0 0 0 0 0 0 0 0 0 X X 0 0 0 X 0 0 0 X 0 0 0 0 0 0 0 X
X 0 0 X 0 0 0 0 0 X X 0 0 0 X 0 0 0 0 0 0 0 X 0 0 0 0 X 0 0 X X X X 0 0 0 0 X 0 0 0 0 0 0 0 0 0 X X
X 0 X 0 0 0 X X 0 X X 0 X 0 0 0 X X 0 0 0 0 X 0 0 X 0 0 X X 0 0 0 X 0 0 0 0 0 0 0 0 0 0 0 0 0 0 X X
X 0 0 0 0 0 0 0 0 0 0 0 0 0 0 X 0 0 0 0 0 X 0 0 0 X 0 0 0 0 0 0 0 0 0 0 0 X X 0 0 0 0 0 0 0 0 0 X X
X 0 0 X 0 X 0 0 X X 0 0 0 X 0 0 0 0 X 0 0 0 0 0 X 0 0 0 0 0 X 0 0 X X 0 0 0 0 0 0 X 0 0 X X 0 0 0 X
X 0 0 0 0 0 0 0 0 0 0 0 0 0 0 0 0 0 X 0 0 X 0 X X 0 X X X 0 0 X 0 0 X 0 X 0 0 0 0 0 0 0 0 0 0 X 0 X
X 0 0 0 0 0 0 0 0 0 0 0 X 0 0 0 0 X X 0 X 0 0 0 0 0 X 0 0 0 0 0 0 X 0 0 0 X 0 0 0 0 0 0 X X 0 0 0 X
X 0 X 0 0 X 0 X 0 0 0 0 0 0 0 0 0 0 0 0 0 0 0 0 0 X 0 X X 0 0 0 0 0 0 X 0 0 0 0 0 0 X 0 0 0 0 0 0 X
X 0 0 0 X 0 X 0 0 0 X 0 0 X 0 0 X 0 0 0 0 0 0 0 0 0 0 0 0 0 0 0 X 0 X 0 0 0 0 0 0 X 0 0 0 0 0 0 X X
X X 0 0 0 0 X X 0 0 0 0 0 0 0 0 0 0 X X 0 0 X 0 0 0 0 0 0 0 X 0 0 0 0 0 0 X X X 0 0 0 0 0 0 0 0 X X
X 0 0 0 0 0 0 0 X 0 X 0 0 0 0 0 0 0 X X 0 0 0 0 0 0 X 0 X X 0 0 X 0 0 0 0 X 0 0 0 X 0 0 0 0 0 X 0 X
X X X 0 0 0 0 0 0 0 X 0 0 X 0 0 0 0 0 0 0 0 0 X 0 0 0 0 0 0 X 0 0 0 0 X X 0 0 0 0 0 0 0 0 0 0 0 0 X
X 0 0 0 0 0 0 X 0 0 0 0 0 X 0 0 X 0 0 0 0 0 0 0 X 0 0 0 X 0 X 0 0 0 0 0 0 0 X 0 0 0 X 0 0 0 0 0 0 0
X X X X X X X X X X X X X X X X X X X X X X X X X X X X X X X X X X X X X X X X X X X X X X X X S X
Camino encontrado: (1, 0) -> (1, 1) -> (1, 2) -> (2, 2) -> (3, 2) -> (3, 3) -> (3, 4) -> (2, 4) -> (1, 4) -> (1, 5) -> (1, 6) -> (1, 7) -> (1, 8) -> (1, 9) -> (1, 10) -> (1, 11) -> (2, 11) -> (3, 11) -> (4, 11) -> (5, 11) -> (6, 11) -> (7, 11) -> (8, 11) -> (9, 11) -> (10, 11) -> (11, 11) -> (12, 11) -> (13, 11) -> (14, 11) -> (15, 11) -> (15, 10) -> (15, 9) -> (15, 8) -> (15, 7) -> (16, 7) -> (17, 7) -> (18, 7) -> (19, 7) -> (19, 8) -> (19, 9) -> (20, 9) -> (21, 9) -> (22, 9) -> (23, 9) -> (24, 9) -> (25, 9) -> (25, 10) -> (25, 11) -> (25, 12) -> (25, 13) -> (25, 14) -> (25, 15) -> (25, 16) -> (25, 17) -> (24, 17) -> (23, 17) -> (22, 17) -> (21, 17) -> (21, 16) -> (21, 15) -> (22, 15) -> (23, 15) -> (23, 14) -> (23, 13) -> (23, 12) -> (23, 11) -> (22, 11) -> (21, 11) -> (20, 11) -> (19, 11) -> (18, 11) -> (18, 12) -> (18, 13) -> (18, 14) -> (18, 15) -> (18, 16) -> (18, 17) -> (18, 18) -> (18, 19) -> (19, 19) -> (20, 19) -> (20, 20) -> (20, 21) -> (20, 22) -> (20, 23) -> (20, 24) -> (20, 25) -> (20, 26) -> (20, 27) -> (20, 28) -> (20, 29) -> (20, 30) -> (19, 30) -> (18, 30) -> (17, 30) -> (16, 30) -> (15, 30) -> (14, 30) -> (13, 30) -> (13, 29) -> (14, 29) -> (15, 29) -> (16, 29) -> (16, 28) -> (17, 28) -> (18, 28) -> (18, 27) -> (18, 26) -> (18, 25) -> (17, 25) -> (16, 25) -> (16, 24) -> (16, 23) -> (16, 22) -> (16, 21) -> (16, 20) -> (16, 19) -> (16, 18) -> (16, 17) -> (16, 16) -> (16, 15) -> (15, 15) -> (14, 15) -> (13, 15) -> (12, 15) -> (12, 16) -> (13, 16) -> (14, 16) -> (15, 16) -> (15, 17) -> (15, 18) -> (14, 18) -> (13, 18) -> (13, 19) -> (13, 20) -> (13, 21) -> (13, 22) -> (13, 23) -> (13, 24) -> (13, 25) -> (13, 26) -> (13, 27) -> (12, 27) -> (11, 27) -> (11, 26) -> (11, 25) -> (11, 24) -> (11, 23) -> (11, 22) -> (11, 21) -> (11, 20) -> (11, 19) -> (11, 18) -> (11, 17) -> (10, 17) -> (9, 17) -> (9, 16) -> (9, 15) -> (8, 15) -> (7, 15) -> (6, 15) -> (5, 15) -> (4, 15) -> (3, 15) -> (2, 15) -> (2, 16) -> (2, 17) -> (2, 18) -> (2, 19) -> (2, 20) -> (1, 20) -> (1, 21) -> (1, 22) -> (1, 23) -> (1, 24) -> (1, 25) -> (1, 26) -> (1, 27) -> (1, 28) -> (1, 29) -> (2, 29) -> (3, 29) -> (4, 29) -> (4, 30) -> (4, 31) -> (4, 32) -> (4, 33) -> (3, 33) -> (2, 33) -> (1, 33) -> (1, 34) -> (1, 35) -> (2, 35) -> (2, 36) -> (2, 37) -> (2, 38) -> (1, 38) -> (1, 39) -> (1, 40) -> (1, 41) -> (1, 42) -> (1, 43) -> (1, 44) -> (1, 45) -> (1, 46) -> (1, 47) -> (1, 48) -> (2, 48) -> (3, 48) -> (4, 48) -> (5, 48) -> (6, 48) -> (7, 48) -> (8, 48) -> (9, 48) -> (10, 48) -> (10, 47) -> (10, 46) -> (11, 46) -> (12, 46) -> (13, 46) -> (14, 46) -> (15, 46) -> (16, 46) -> (17, 46) -> (17, 47) -> (17, 48) -> (18, 48) -> (19, 48) -> (20, 48) -> (21, 48) -> (22, 48) -> (22, 47) -> (22, 46) -> (23, 46) -> (23, 45) -> (24, 45) -> (25, 45) -> (26, 45) -> (27, 45) -> (28, 45) -> (29, 45) -> (30, 45) -> (30, 44) -> (30, 43) -> (29, 43) -> (29, 42) -> (29, 41) -> (29, 40) -> (29, 39) -> (29, 38) -> (29, 37) -> (29, 36) -> (28, 36) -> (27, 36) -> (26, 36) -> (26, 37) -> (26, 38) -> (26, 39) -> (26, 40) -> (26, 41) -> (25, 41) -> (24, 41) -> (23, 41) -> (22, 41) -> (21, 41) -> (21, 40) -> (21, 39) -> (21, 38) -> (21, 37) -> (21, 36) -> (21, 35) -> (22, 35) -> (22, 34) -> (23, 34) -> (24, 34) -> (25, 34) -> (26, 34) -> (27, 34) -> (28, 34) -> (29, 34) -> (30, 34) -> (31, 34) -> (32, 34) -> (33, 34) -> (34, 34) -> (35, 34) -> (36, 34) -> (37, 34) -> (38, 34) -> (39, 34) -> (39, 35) -> (39, 36) -> (38, 36) -> (37, 36) -> (37, 37) -> (38, 37) -> (38, 38) -> (38, 39) -> (38, 40) -> (38, 41) -> (38, 42) -> (38, 43) -> (38, 44) -> (38, 45) -> (38, 46) -> (38, 47) -> (39, 47) -> (40, 47) -> (40, 48) -> (41, 48) -> (42, 48) -> (43, 48) -> (43, 47) -> (43, 46) -> (43, 45) -> (43, 44) -> (43, 43) -> (44, 43) -> (45, 43) -> (46, 43) -> (47, 43) -> (48, 43) -> (48, 44) -> (48, 45) -> (48, 46) -> (48, 47) -> (48, 48) -> (49, 48)
Tiempo de ejecución: 0.7956 milisegundos
