Laberinto:
X X X X X X X X X X X X X X X X X X X X X X X X X X X X X X X X X X X X X X X X X X X X X X X X X X X X X X X X X X X X X X X X X X X X X X X X X X X X X X X X X X X X X X X X X X X X X X X X X X X X
E 0 0 0 0 X 0 0 X 0 0 0 0 0 0 0 X 0 0 0 0 0 0 0 0 X 0 0 X 0 X 0 0 0 0 0 0 0 X X 0 0 0 0 X 0 0 0 0 0 0 0 0 0 0 0 0 0 0 0 X 0 0 0 0 0 0 0 0 X 0 0 0 X 0 0 0 0 0 0 X 0 0 0 X 0 0 0 0 X 0 0 X 0 0 X 0 0 0 X
X 0 X X 0 X 0 0 X 0 0 0 0 0 0 X 0 0 X 0 0 0 0 0 0 0 0 0 0 0 0 0 0 0 0 0 0 0 0 0 0 0 0 0 0 0 0 X 0 0 0 X 0 0 0 0 0 0 0 0 0 0 X 0 0 0 0 0 X 0 0 X X 0 0 0 X 0 0 0 X 0 0 X 0 0 X X 0 0 0 0 0 0 0 0 0 0 0 X
X 0 X 0 0 0 0 0 0 0 0 X 0 0 X X X 0 X 0 0 0 0 0 0 0 0 0 0 X 0 0 0 0 0 0 0 0 0 X 0 0 X 0 0 0 0 0 X 0 0 0 X 0 X 0 X X 0 X 0 0 0 X 0 X 0 0 0 0 0 0 0 0 0 0 0 0 0 X 0 0 0 0 X 0 0 0 0 0 X 0 X 0 X 0 0 X 0 X
X 0 X 0 X X 0 0 0 X 0 0 0 0 0 0 0 0 0 0 0 0 X 0 0 X X 0 0 0 0 0 X X 0 0 X X 0 0 X 0 0 0 0 X X 0 0 X X 0 X 0 0 0 0 0 0 0 0 0 0 0 0 0 0 0 0 0 X 0 0 0 0 0 0 0 0 0 0 0 0 0 0 0 X 0 0 0 0 0 0 0 0 X 0 0 X X
X 0 0 0 0 0 X X 0 X X 0 X 0 0 0 X 0 0 0 0 0 X 0 0 X 0 0 0 X 0 0 0 0 0 0 0 0 0 0 0 X 0 0 0 0 0 0 0 X 0 0 0 0 0 X 0 0 X X 0 0 0 0 0 0 0 0 0 0 X 0 0 0 0 0 0 0 0 0 0 0 X X 0 X 0 X 0 0 0 0 0 0 X 0 0 0 X X
X X 0 0 0 0 X 0 0 0 0 0 0 0 0 0 0 0 0 X 0 0 X X 0 X 0 0 0 0 0 0 0 0 0 0 0 0 0 X 0 X 0 0 0 0 0 0 0 0 X 0 X 0 0 0 0 X 0 0 0 0 X 0 0 0 0 0 0 0 0 0 0 0 0 0 0 X 0 0 0 0 0 0 0 0 0 0 0 0 0 0 0 0 0 X 0 X X X
X 0 0 0 0 0 0 0 0 0 0 0 0 X 0 0 0 0 0 X X X 0 0 X X 0 0 X 0 0 0 0 0 X X 0 0 0 0 0 X 0 0 0 0 0 0 0 0 0 0 X 0 0 0 X X 0 X X 0 0 X 0 X 0 0 0 0 0 0 0 0 0 0 0 0 0 X X 0 X 0 0 0 0 0 0 0 0 0 0 0 X X 0 0 0 X
X 0 0 0 0 0 0 0 X X 0 0 0 X 0 0 0 0 0 0 X 0 0 0 X 0 0 0 0 0 0 0 0 0 X 0 0 X 0 0 0 0 0 0 0 X X 0 0 X X 0 X X 0 0 0 0 0 0 0 0 0 0 X 0 X 0 0 0 X 0 0 X X 0 0 0 0 0 X 0 0 0 0 0 X 0 0 0 0 0 X 0 0 0 0 0 0 X
X 0 0 0 0 0 0 0 0 0 0 0 0 X 0 0 X X 0 0 0 0 0 0 0 0 0 0 0 0 0 0 X 0 X 0 0 0 0 0 X 0 X X 0 0 0 0 0 0 0 X 0 0 0 0 0 0 0 0 X X 0 0 X X 0 0 0 0 X 0 0 0 X X 0 0 0 X 0 0 0 0 0 0 0 0 X 0 X 0 0 0 0 X X X 0 X
X 0 0 0 0 0 0 X 0 X X 0 0 X 0 0 X 0 0 0 0 0 X 0 0 X 0 0 0 0 X 0 0 0 X 0 0 0 0 X 0 0 0 0 0 X 0 0 0 0 0 0 0 X 0 0 0 X 0 0 0 0 0 0 0 0 0 0 0 0 0 X 0 0 0 0 X 0 0 0 0 0 0 0 0 0 X 0 0 0 0 0 0 0 X X 0 0 0 X
X 0 0 0 0 0 0 0 X 0 0 0 0 0 X 0 0 X 0 X 0 0 0 0 X X 0 0 X 0 0 0 0 0 0 0 0 0 0 X 0 X 0 X 0 0 0 X 0 0 X X 0 0 0 0 0 0 0 0 0 0 0 X X 0 0 X 0 0 0 0 0 X X 0 0 0 X 0 0 0 X 0 0 X 0 0 0 X 0 X X 0 0 0 0 0 0 X
X 0 0 0 0 X 0 0 0 0 0 0 0 0 0 X X 0 0 0 0 X 0 0 X X 0 0 0 0 0 0 0 0 0 0 0 0 0 0 0 0 0 0 0 0 X X 0 0 0 0 0 0 0 X 0 0 X 0 0 0 0 0 0 0 0 X 0 X 0 X 0 0 0 0 X X 0 X X 0 0 X 0 0 0 X 0 X X 0 0 0 0 0 0 0 0 X
X X X 0 0 0 0 0 0 0 0 0 X 0 0 0 0 0 X 0 0 0 0 0 0 0 X 0 0 0 0 0 X 0 0 0 0 0 0 0 0 0 0 X 0 0 0 0 0 X X X 0 0 X 0 0 0 X 0 0 X 0 0 0 X 0 0 0 0 0 0 0 0 0 0 0 X 0 0 0 0 0 0 0 0 0 0 X 0 0 0 0 0 0 0 0 0 0 X
X 0 X 0 0 0 X X X 0 0 0 0 0 0 0 X 0 X X 0 0 0 0 0 X 0 0 0 0 0 0 0 0 0 0 0 0 0 0 X X 0 X 0 X 0 0 0 0 0 0 0 0 0 0 X 0 0 0 0 0 0 0 0 0 0 0 X 0 0 0 0 0 0 0 0 0 0 X X 0 X 0 0 0 X 0 0 0 0 X 0 0 0 X X 0 0 X
X 0 X 0 0 X X 0 0 0 0 0 0 0 0 0 0 X 0 0 0 0 0 0 0 0 0 X 0 X 0 X 0 X 0 X 0 0 0 0 0 0 0 0 0 0 0 0 0 0 0 0 X 0 0 0 0 0 0 0 0 X 0 0 0 X 0 0 0 0 X 0 0 X 0 0 0 0 0 0 X 0 X 0 0 X 0 0 0 0 X 0 0 0 0 0 0 0 0 X
X 0 0 0 0 0 0 0 0 0 0 X 0 0 0 0 0 X X 0 0 0 0 0 X 0 0 0 0 0 X 0 0 0 0 X 0 0 0 0 0 0 0 0 X 0 0 0 0 X 0 0 0 0 0 X 0 0 X 0 0 0 0 0 0 0 X 0 0 X 0 0 0 0 0 0 0 X 0 0 0 0 0 0 0 0 0 0 0 0 0 0 0 0 0 X 0 0 0 X
X X 0 0 0 0 X X 0 0 0 0 0 X X 0 0 0 0 0 0 0 0 0 0 0 0 0 0 0 0 0 0 X 0 X 0 0 0 0 0 0 0 0 0 0 0 0 0 0 X 0 0 0 0 0 0 X 0 X 0 0 0 0 0 0 0 0 0 0 X 0 0 0 0 0 0 X 0 0 X 0 X 0 X 0 X X 0 0 X 0 0 X X 0 0 0 0 X
X 0 0 0 0 0 X 0 0 0 0 0 X 0 X 0 0 0 0 0 X 0 0 0 X 0 0 0 0 0 0 X 0 0 0 0 0 X 0 X X 0 0 X X 0 0 0 0 0 X 0 0 0 0 X 0 X 0 X 0 0 0 0 0 0 0 0 X 0 0 0 X 0 X 0 0 X 0 X 0 0 0 0 0 0 0 0 0 0 0 X 0 0 0 0 X 0 0 X
X 0 0 0 0 0 0 0 0 X 0 0 X 0 0 0 0 0 0 X 0 0 0 X X X 0 0 0 X 0 0 X 0 0 0 0 0 0 0 0 X X 0 0 X X 0 X 0 0 0 0 0 0 0 X 0 0 0 X 0 0 X 0 0 X 0 X X 0 0 0 0 0 0 0 0 0 0 0 0 0 X X 0 0 0 0 X 0 0 0 X X 0 0 X 0 X
X 0 0 0 0 0 X 0 X X 0 0 0 0 0 X 0 0 0 X 0 0 X 0 0 0 0 0 0 0 0 0 0 0 X X X 0 0 0 0 0 0 0 0 0 0 0 0 0 0 0 0 0 0 0 0 0 0 0 0 X 0 X 0 0 0 X 0 0 0 0 0 0 0 X 0 0 0 0 0 0 X 0 0 0 X X 0 0 0 0 X X 0 0 0 X 0 X
X 0 X 0 0 X X X X 0 0 X X X 0 X 0 0 0 0 X 0 X 0 0 0 0 0 X X 0 0 0 0 0 0 0 0 0 0 0 0 X 0 X 0 0 X 0 0 0 0 0 0 X 0 0 0 0 0 0 0 0 X 0 0 0 0 0 0 0 X 0 0 0 0 0 0 X 0 0 X 0 0 0 0 0 0 0 0 0 X 0 0 0 0 0 0 0 X
X 0 0 X 0 0 0 X 0 0 0 0 0 0 0 X 0 0 0 0 0 0 0 0 0 X 0 0 0 0 X X X 0 0 X 0 0 0 0 0 0 0 0 0 0 X 0 0 0 0 0 0 X X 0 0 0 0 0 0 X 0 0 0 X 0 0 0 0 X 0 0 0 0 0 0 0 0 0 0 0 0 0 X 0 0 0 0 0 0 0 0 0 0 X 0 0 0 X
X 0 0 0 X 0 X 0 0 0 X 0 0 0 0 0 X 0 0 0 0 X 0 0 0 X X 0 0 0 0 0 0 0 0 0 0 X 0 X 0 0 0 0 X 0 0 X 0 0 X 0 0 0 0 X 0 0 0 0 0 0 0 0 0 0 0 0 0 X X 0 0 0 0 0 X 0 0 0 0 X X 0 0 X 0 0 0 0 X 0 0 0 X 0 0 0 0 X
X 0 0 X 0 0 0 0 X 0 0 0 0 X 0 0 0 X 0 X 0 0 0 0 0 0 X 0 0 0 0 0 0 X 0 0 0 0 0 0 0 X 0 0 0 0 0 0 0 0 0 X 0 X X X X 0 0 0 0 0 0 0 X 0 0 0 0 0 0 0 X 0 0 0 0 0 0 0 X 0 0 0 0 X 0 0 0 X 0 X 0 0 X X X 0 0 X
X 0 X 0 0 0 0 0 0 0 0 X 0 0 X 0 0 0 0 0 0 0 0 0 0 X 0 0 0 0 X 0 0 0 X 0 0 0 0 0 0 0 0 0 0 0 0 0 0 0 0 0 X X 0 0 0 0 0 0 0 0 0 0 0 0 0 X 0 0 0 0 X 0 0 X X 0 X X X 0 0 X 0 0 0 0 0 0 X X 0 0 0 0 0 0 0 X
X 0 X 0 0 X X 0 0 X 0 0 0 0 0 0 0 0 X 0 0 0 0 0 0 0 0 0 0 0 0 0 0 X X 0 X X X X 0 X 0 X 0 0 0 X 0 0 0 0 0 0 0 0 0 0 0 X 0 0 0 0 0 0 0 0 0 0 X X 0 0 0 0 X 0 0 0 X X 0 0 0 0 0 0 0 0 0 0 0 0 0 0 0 X 0 X
X 0 0 0 X 0 0 0 0 0 0 0 0 X 0 0 0 0 0 X 0 0 0 0 0 X X 0 0 0 0 0 0 X X X X X 0 X 0 0 X 0 0 X 0 0 0 X 0 0 0 0 X 0 0 0 0 X 0 0 0 0 0 0 X 0 X 0 0 0 0 0 X 0 X 0 0 0 X 0 0 0 0 0 0 0 X X 0 0 X 0 0 0 0 0 0 X
X X 0 X X 0 0 0 X X 0 0 0 X 0 0 0 X X X 0 0 0 0 0 0 0 0 0 X 0 0 X 0 X 0 0 0 0 0 0 0 0 X X 0 X 0 0 0 X 0 0 X 0 0 X 0 0 0 0 0 0 0 0 0 0 X 0 X 0 0 X X 0 X 0 X 0 0 0 0 0 0 0 X 0 X 0 X 0 0 0 0 0 0 0 X 0 X
X 0 0 0 0 0 0 0 0 X X 0 0 0 0 0 0 0 0 0 0 X 0 X 0 0 X 0 0 0 0 0 0 0 0 0 0 0 0 0 0 0 0 0 0 0 0 0 0 X 0 0 0 0 0 X 0 X 0 X 0 X 0 0 X X 0 0 X 0 0 0 0 0 0 X 0 X 0 0 0 0 0 X X 0 0 X 0 0 0 0 0 0 X 0 X 0 0 X
X 0 0 X 0 0 0 0 0 0 X 0 0 0 0 0 0 0 0 0 0 0 0 0 0 0 X 0 0 0 0 0 X 0 0 X 0 X 0 0 0 0 0 0 0 0 0 X X 0 0 0 0 0 0 0 0 X 0 0 0 X 0 0 0 0 0 0 0 0 0 0 0 X 0 0 0 X 0 0 0 0 0 0 X 0 0 X X 0 0 0 0 X 0 0 X 0 X X
X 0 0 0 0 0 0 0 X 0 X 0 0 0 0 X 0 0 X 0 0 0 0 0 0 0 0 0 0 0 0 0 0 0 0 0 0 0 0 0 0 0 X 0 0 0 0 X 0 0 X 0 0 0 0 0 0 0 X 0 0 0 X 0 X 0 0 0 0 0 0 0 0 0 X X X 0 0 0 0 0 0 X X 0 X 0 X 0 0 0 0 0 0 0 0 0 X X
X X 0 0 X 0 0 0 0 0 0 0 X 0 0 0 0 X 0 0 0 0 0 0 0 0 0 X X 0 0 X X 0 0 0 0 0 X 0 0 0 0 0 0 0 0 0 0 0 0 0 0 0 0 0 0 0 0 0 0 X 0 0 X 0 0 0 0 0 0 X 0 0 0 0 X 0 0 0 0 X 0 0 X 0 0 0 0 X 0 0 0 0 X 0 0 X 0 X
X 0 0 0 0 0 0 X X X 0 X 0 X X 0 0 0 0 0 0 0 X 0 0 0 0 0 0 0 X 0 0 0 X 0 0 0 0 X 0 0 0 0 0 X 0 0 0 0 X 0 0 0 0 0 0 0 0 0 0 0 X 0 0 0 0 X 0 0 0 X 0 0 0 0 0 0 0 0 X 0 X 0 X 0 0 0 0 0 X 0 0 X 0 X 0 0 X X
X 0 0 0 0 X 0 0 0 0 0 0 0 0 0 0 0 0 0 X 0 0 0 0 0 0 X 0 0 0 0 0 X 0 0 0 0 0 0 X X 0 0 0 0 0 X 0 0 0 0 0 X 0 0 X X 0 0 0 0 0 0 0 0 0 0 0 0 0 0 0 0 0 0 X 0 0 0 0 0 0 X X 0 0 0 0 0 X 0 X X X X 0 0 0 0 X
X X 0 X 0 X 0 0 0 0 X 0 0 0 X 0 0 0 0 0 X 0 X 0 0 X 0 0 0 X 0 0 0 X X X 0 0 0 X 0 0 0 0 0 0 X X X X 0 X 0 0 0 0 0 X 0 X 0 0 X 0 0 0 0 0 X 0 0 0 X X 0 0 0 0 X 0 0 0 0 0 0 0 0 0 0 0 0 X 0 0 0 0 0 0 0 X
X 0 X 0 X 0 X X 0 0 0 0 0 0 0 0 0 0 0 0 0 0 0 0 0 0 0 0 0 0 0 0 0 0 X X 0 0 X 0 0 0 0 0 X 0 0 0 X 0 0 X 0 0 0 0 0 X 0 X 0 0 0 X 0 X 0 0 0 X X X 0 0 0 X 0 X 0 0 0 0 0 0 0 0 0 0 X 0 0 X 0 0 0 0 0 X 0 X
X 0 0 0 0 0 X 0 X 0 X X 0 0 0 0 0 X X 0 0 0 X X 0 X 0 0 0 0 0 0 0 0 0 X 0 0 0 X 0 0 0 0 0 0 0 0 0 0 0 0 0 0 0 0 0 0 0 0 0 0 0 X X 0 X 0 X X 0 0 0 0 0 X 0 X 0 0 X 0 0 X 0 0 0 0 0 0 0 0 0 0 0 0 0 0 0 X
X 0 0 0 0 X 0 0 X X 0 0 0 0 X 0 0 0 0 0 0 X 0 0 X 0 0 0 0 0 X 0 0 X 0 X 0 0 0 0 0 X 0 0 X 0 0 0 X 0 X 0 0 0 0 0 0 X X X 0 X 0 0 0 0 0 X 0 0 0 0 0 0 0 0 0 0 0 0 0 X 0 0 0 0 X 0 0 0 0 X X 0 0 0 X 0 0 X
X X 0 0 0 X X 0 X 0 0 0 0 X 0 0 0 0 X 0 0 0 X 0 0 0 X 0 X 0 0 0 0 0 0 0 0 X 0 X X 0 0 0 X 0 0 X 0 0 X 0 0 0 0 0 0 0 0 0 0 0 0 X 0 0 X 0 X 0 0 X X X X 0 0 X 0 0 X 0 X 0 0 X X 0 0 0 0 0 0 0 0 0 0 0 0 X
X 0 0 0 0 0 X 0 0 0 0 0 0 0 X 0 0 0 X X 0 X 0 X 0 0 0 X 0 X X 0 0 0 0 0 X 0 X X 0 X X 0 0 0 0 0 0 0 0 X 0 0 X 0 X X 0 0 0 0 X 0 0 0 0 0 0 0 0 0 0 0 0 0 0 0 X 0 0 0 0 0 0 0 0 0 0 0 0 0 0 0 0 0 0 0 0 X
X 0 0 0 0 0 0 0 0 X 0 0 0 0 0 0 0 X X X 0 0 0 0 0 0 0 0 0 0 0 0 X 0 0 0 0 0 X 0 X 0 0 0 0 0 0 0 X 0 0 0 0 0 0 0 0 0 0 0 0 0 X 0 0 0 0 X 0 X 0 0 0 X 0 0 X X X 0 0 0 0 X 0 0 0 0 0 0 0 0 0 X X X 0 0 0 X
X 0 X X 0 0 0 X 0 0 0 X 0 0 0 0 0 0 0 0 0 0 0 0 0 0 0 0 0 0 0 X X 0 0 0 0 0 0 0 0 0 0 X 0 X 0 0 0 0 0 0 0 0 X X 0 0 X 0 0 X 0 0 0 0 0 0 0 X 0 0 0 0 X 0 0 0 X 0 0 0 0 0 X X 0 X 0 X 0 0 0 0 0 0 0 0 0 X
X 0 0 0 0 0 X 0 0 X 0 0 0 0 0 0 0 0 0 0 0 X 0 0 0 X 0 X X 0 0 0 0 0 0 0 X 0 0 0 X X 0 0 0 0 0 0 0 0 0 0 0 X 0 0 0 0 0 0 0 0 0 X 0 X 0 0 0 X 0 0 0 0 0 0 X 0 0 0 0 0 0 0 0 X 0 0 0 0 0 X 0 X 0 X X 0 0 X
X 0 0 0 0 0 0 X 0 0 0 X 0 0 X 0 X 0 0 0 0 0 0 0 0 0 0 0 0 0 X 0 X 0 0 0 0 0 0 0 0 X 0 0 0 0 X X 0 X X 0 0 X 0 0 0 X 0 0 X X 0 0 0 0 0 0 0 0 X 0 0 0 0 0 0 0 0 0 0 0 0 0 0 0 0 0 X 0 X 0 0 0 X 0 X 0 X X
X 0 0 X 0 0 0 0 X X 0 X 0 0 0 0 0 0 0 X X 0 X 0 0 X 0 X 0 0 0 0 0 X 0 0 0 X 0 0 0 0 0 0 0 0 X 0 0 X 0 0 0 0 0 0 0 X X 0 0 0 X 0 X 0 0 0 0 0 0 0 0 0 0 0 0 0 0 0 X 0 0 0 X X 0 X 0 0 0 X 0 0 0 0 0 0 0 X
X X 0 0 X 0 0 X X 0 0 0 0 0 X 0 0 0 0 0 X 0 0 0 0 X 0 0 0 0 0 0 X 0 0 0 0 0 0 0 0 0 0 0 0 X 0 0 0 0 X 0 0 0 0 X 0 X 0 0 0 0 0 0 X 0 0 0 X 0 0 0 0 0 X X 0 0 X X 0 X X 0 0 X 0 0 0 0 0 0 0 0 X X 0 X 0 X
X 0 0 0 0 0 0 0 0 0 0 0 0 0 0 0 X 0 0 X 0 0 X 0 0 0 0 0 0 X 0 0 X 0 X 0 0 0 0 0 X 0 0 0 0 0 0 X X 0 0 0 0 X X 0 0 0 0 0 X 0 0 X 0 X 0 0 X 0 X 0 X X 0 X 0 0 0 0 0 0 X X 0 0 X X X 0 X X 0 0 0 0 0 0 0 X
X 0 0 0 0 0 X 0 0 0 0 0 0 0 0 0 0 0 0 0 X 0 0 X 0 X 0 0 X 0 0 X 0 0 0 0 X X X X 0 X 0 0 X 0 0 0 X 0 0 X 0 X 0 0 0 0 0 X X 0 0 0 0 0 0 0 0 0 X 0 X 0 X 0 0 0 0 X X 0 0 0 0 0 0 X 0 X X 0 0 X X 0 0 0 0 X
X 0 0 0 X 0 X 0 0 X X 0 0 0 0 0 0 0 0 X 0 0 0 X 0 X 0 X X 0 X 0 0 0 0 0 0 0 0 0 0 0 0 0 X X X 0 0 0 0 0 0 0 0 0 0 0 0 0 0 0 0 0 0 0 X X 0 X X 0 0 0 0 0 0 0 0 X X 0 0 0 X 0 0 0 0 0 0 0 0 0 0 0 0 0 0 X
X 0 0 0 0 0 0 0 0 X 0 0 X 0 0 0 X 0 0 0 0 0 0 0 X 0 0 X 0 0 0 0 0 0 0 0 0 0 0 0 0 0 0 0 X 0 0 0 0 0 0 0 0 0 0 0 0 0 0 0 X X X 0 0 0 0 X 0 X 0 0 0 0 0 0 X 0 0 X 0 0 0 0 0 0 X X 0 X 0 0 0 0 X 0 0 0 0 X
X 0 0 0 0 0 0 0 X 0 0 0 0 0 X 0 0 0 0 0 0 0 X 0 0 0 0 0 0 0 0 0 X 0 X 0 0 X 0 0 0 X 0 X X 0 0 0 0 0 0 0 0 0 X X 0 0 0 X 0 0 0 0 0 0 0 0 0 X 0 0 X 0 0 0 0 0 0 0 0 0 0 0 X X 0 X 0 0 X X 0 X 0 0 X X 0 X
X 0 0 0 0 0 0 0 0 0 0 0 0 0 0 0 0 0 0 0 0 0 0 0 X 0 0 0 0 0 0 0 0 0 0 0 0 0 0 0 0 0 0 X 0 0 0 X X 0 X 0 0 0 0 0 0 0 0 0 0 0 0 0 0 0 0 0 X X 0 0 0 0 0 0 X 0 0 X X 0 X X 0 0 0 X X 0 X 0 0 0 X X X 0 0 X
X X 0 0 0 0 0 0 X X 0 0 0 0 0 0 0 X 0 X 0 X X X 0 X 0 0 X 0 0 0 X X 0 0 X 0 0 0 0 0 0 X 0 0 0 X 0 X 0 0 0 0 0 0 0 0 0 0 X 0 0 X 0 0 0 X X 0 0 0 0 0 0 0 0 0 0 0 0 0 0 0 0 0 X 0 0 X X 0 0 X 0 X X 0 X X
X 0 0 X X X 0 0 0 0 0 0 X 0 0 0 0 0 X 0 0 0 0 0 0 0 0 X 0 X 0 0 0 X X X 0 X X 0 0 0 0 0 0 0 X 0 0 X 0 0 X 0 0 X 0 0 0 0 0 X 0 0 0 X 0 X 0 X 0 0 0 0 0 0 0 0 X 0 0 0 0 X 0 0 0 0 0 0 0 0 0 X X 0 0 X X X
X 0 X X 0 X 0 X 0 0 0 0 X 0 0 X 0 X 0 0 0 0 0 X 0 0 X 0 0 0 0 0 0 0 X 0 0 0 X 0 0 0 0 X 0 0 0 X 0 0 0 0 0 X 0 X 0 0 0 0 0 0 0 X 0 0 X 0 X 0 0 0 0 X 0 0 0 0 0 0 X 0 0 0 0 X 0 0 X 0 X X 0 X 0 0 0 0 0 X
X 0 0 0 0 0 0 0 0 0 0 0 X 0 0 0 0 0 0 0 0 0 0 0 X X 0 0 X X 0 0 X 0 0 0 X X 0 0 X 0 0 0 X 0 X 0 X 0 0 0 0 0 0 0 0 0 X 0 X 0 0 0 X 0 X X 0 0 0 0 0 0 0 X 0 0 0 0 0 0 0 0 0 0 0 0 0 0 0 X 0 0 X X 0 0 0 X
X 0 X 0 0 0 0 0 0 0 0 0 0 0 X 0 0 0 0 X 0 0 X 0 0 0 0 0 X X 0 0 0 0 0 X X 0 0 0 X 0 0 0 0 0 0 X 0 X 0 0 X 0 0 0 0 0 0 0 0 0 0 0 0 0 X 0 X 0 0 0 X 0 0 X 0 0 X 0 0 X 0 0 0 0 0 0 0 0 0 X 0 0 0 X 0 0 0 X
X 0 0 0 0 0 0 0 0 0 0 0 0 0 0 0 0 0 0 0 0 X 0 X 0 0 0 0 0 0 0 0 0 X 0 0 0 0 X 0 X 0 0 0 0 X 0 0 0 0 0 0 X 0 0 0 0 0 0 X 0 0 0 0 0 X 0 0 0 0 0 0 0 0 X 0 0 0 X 0 X X 0 0 X 0 0 0 X 0 X X 0 0 0 0 0 0 0 X
X 0 0 X 0 0 X 0 0 0 0 X 0 X 0 0 0 0 0 0 0 0 0 0 X X 0 0 X 0 0 X X 0 X 0 0 X 0 0 0 0 0 X X 0 0 0 0 0 X 0 0 X 0 0 0 0 0 X 0 0 X 0 X 0 0 X X 0 0 X 0 X 0 0 0 0 0 0 0 0 X 0 0 0 0 0 0 0 0 X 0 0 0 X 0 0 0 X
X 0 X 0 0 0 0 X X X 0 X 0 0 0 X X 0 0 0 0 0 X 0 0 0 X 0 X 0 0 0 0 0 0 0 0 X X 0 0 0 0 0 0 0 0 0 X 0 X 0 0 0 0 0 0 0 0 0 0 0 0 0 0 0 0 0 0 0 0 0 0 0 0 0 X 0 0 0 0 0 0 0 0 0 0 0 X X X 0 0 0 0 X X 0 0 X
X 0 0 0 X X 0 0 X X 0 0 0 0 X 0 0 0 0 X X 0 0 0 0 0 0 0 0 X 0 0 0 X X 0 0 0 0 0 0 0 0 0 0 0 0 0 0 X X 0 X 0 X 0 0 0 0 X 0 0 0 X 0 0 X 0 0 0 X 0 0 0 X 0 0 0 0 X 0 X 0 X X X 0 0 X 0 0 0 0 0 0 0 X 0 0 X
X 0 0 0 0 0 X 0 0 X 0 0 0 0 X 0 0 0 0 0 0 0 0 0 0 0 0 0 X 0 0 X X 0 0 X X 0 X 0 0 0 0 0 X X 0 0 X 0 0 0 0 X X X 0 0 X 0 X X 0 X 0 0 0 0 0 0 0 X 0 0 0 X X 0 0 X 0 0 0 X 0 0 X 0 0 0 0 0 0 0 X 0 0 X 0 X
X 0 X 0 0 0 0 X 0 0 0 0 0 X 0 0 0 0 0 0 0 0 0 0 0 0 0 X X 0 0 0 0 0 0 X 0 X 0 0 0 0 0 X 0 0 0 X 0 0 0 0 0 X X 0 0 0 0 0 0 0 0 X 0 0 0 0 0 X 0 X 0 0 0 0 0 X X 0 0 X 0 0 0 0 X 0 X X 0 0 0 0 0 X 0 0 0 X
X X 0 0 X 0 0 X 0 0 0 0 0 0 0 0 0 X 0 0 0 0 0 0 0 0 0 0 0 0 0 X 0 0 0 0 0 0 0 0 0 X 0 0 0 0 0 0 0 0 X 0 0 0 0 0 0 0 0 X 0 0 0 0 0 0 0 0 0 0 0 0 0 0 0 0 0 0 0 0 0 0 0 0 0 0 0 0 X 0 0 0 0 0 0 X X 0 0 X
X X X 0 0 X 0 0 0 0 0 0 0 0 0 0 0 X 0 0 0 0 0 0 0 0 X 0 X 0 0 X 0 0 0 0 0 0 0 0 0 0 0 0 0 0 0 0 0 0 0 X 0 X 0 X 0 0 0 0 X 0 0 0 0 0 0 0 0 0 0 0 0 0 X 0 0 0 0 0 0 X 0 0 0 0 0 0 X 0 0 0 0 0 0 0 0 0 0 X
X 0 X 0 0 0 0 0 X 0 0 0 0 0 0 0 X 0 0 0 0 0 0 0 0 0 X X 0 0 0 0 0 X 0 0 0 0 0 0 0 0 0 0 0 0 0 0 0 0 X 0 0 0 X X 0 X 0 0 0 0 X 0 0 X X X 0 0 X 0 0 X 0 0 0 0 X X 0 0 0 X 0 X 0 X X 0 0 0 X 0 0 0 0 0 X X
X X X 0 0 0 0 X 0 0 X X 0 0 0 0 0 X 0 0 X 0 0 0 0 0 0 X 0 0 X X 0 0 0 0 X 0 0 0 0 0 0 X 0 0 0 0 0 0 X 0 0 0 0 X 0 X X 0 0 0 0 0 0 0 X 0 0 0 0 0 0 0 0 0 0 0 X X 0 0 0 0 0 0 X 0 0 X 0 X 0 0 0 0 0 0 0 X
X X 0 X X 0 0 0 X 0 0 0 0 0 0 0 0 X 0 0 0 0 0 0 0 0 0 0 0 0 X 0 X 0 0 0 X 0 0 0 X 0 0 0 0 0 0 0 0 0 0 0 0 0 X 0 X 0 0 0 0 0 0 0 X X 0 0 0 X 0 0 0 X 0 0 0 X 0 0 0 0 0 0 0 0 0 0 0 0 0 X 0 X 0 0 0 X 0 X
X 0 0 0 0 0 0 0 0 0 0 0 0 X X 0 0 0 0 0 0 X 0 0 0 X X X 0 0 0 0 0 0 0 X 0 0 0 0 0 0 X 0 0 0 X X 0 0 0 X 0 X 0 0 0 0 0 X 0 0 0 X 0 0 0 0 0 0 0 0 X 0 0 X X 0 0 0 X X 0 X 0 X 0 0 0 0 X 0 0 0 X 0 0 0 0 X
X 0 0 0 X 0 0 X 0 0 0 0 0 0 0 0 0 0 0 0 0 0 X 0 0 0 X 0 0 0 0 0 0 0 X 0 0 0 0 0 0 X X 0 0 0 0 0 0 0 0 0 0 0 X X 0 0 0 0 0 X 0 0 X 0 0 0 0 0 0 0 0 0 X 0 0 X 0 0 X X 0 X 0 0 0 0 0 0 X 0 0 0 0 0 0 X 0 X
X 0 0 X 0 0 0 0 0 0 0 0 0 0 0 0 0 0 X 0 0 0 0 X X 0 0 0 X 0 0 0 0 0 0 0 X 0 0 X X X 0 0 0 X 0 X 0 0 0 0 X X 0 X 0 0 0 0 0 0 X 0 0 X 0 0 0 0 0 0 0 0 X 0 0 0 X 0 0 0 0 0 0 0 0 0 X 0 0 X 0 0 X 0 X 0 X X
X 0 0 0 X 0 0 0 0 0 X X 0 X 0 0 X 0 0 0 0 X 0 0 0 0 0 0 0 0 0 0 0 X 0 X 0 0 0 0 X 0 0 0 0 X 0 0 0 0 X 0 0 0 0 0 0 0 0 X 0 0 0 0 0 0 X 0 0 0 0 0 0 0 0 X 0 0 X 0 0 X 0 0 0 0 0 0 0 0 X 0 0 0 0 0 0 0 0 X
X 0 X X 0 X 0 X 0 X X X 0 0 0 0 0 0 0 0 0 0 0 0 0 0 0 0 0 0 0 0 0 X 0 0 X 0 0 X 0 0 0 0 X 0 0 0 X X 0 0 0 0 0 0 0 0 X 0 0 0 0 0 0 0 X 0 0 0 0 X 0 0 0 0 X 0 0 0 0 0 X 0 0 0 0 X 0 X X 0 0 0 X 0 0 0 X X
X X X 0 0 X 0 0 0 0 0 0 0 0 0 0 0 0 X X 0 X X 0 X 0 X 0 0 0 0 0 0 0 0 X X 0 0 0 0 0 0 X 0 X 0 X 0 0 0 0 0 0 0 0 0 0 0 0 0 0 0 0 0 0 0 0 0 X X 0 0 0 0 0 0 0 0 X 0 0 0 0 0 0 0 0 X 0 X X 0 0 0 0 0 0 0 X
X 0 0 0 0 X 0 X 0 0 X 0 0 0 0 0 0 0 0 0 0 0 0 0 0 0 0 0 X 0 0 0 X 0 X 0 0 0 0 0 0 0 0 0 0 0 0 0 0 X 0 0 0 0 0 0 X 0 0 0 0 X X X 0 X X X 0 0 0 0 0 0 X 0 0 0 0 X 0 0 0 0 0 0 0 0 0 0 0 0 0 0 0 X X 0 0 X
X 0 0 0 0 0 0 0 0 0 X 0 0 0 0 0 0 0 0 0 0 0 0 X 0 X X 0 0 X 0 X 0 X 0 0 0 X X 0 0 X 0 0 X 0 0 0 0 0 0 0 0 0 0 0 0 0 0 X 0 0 0 0 0 X 0 0 0 0 0 X 0 0 0 X 0 0 0 0 0 X X 0 0 X 0 X 0 X 0 0 0 X 0 0 0 0 0 X
X 0 0 0 0 0 0 0 0 0 0 0 X 0 0 X 0 0 0 0 X 0 0 0 0 X X 0 0 0 0 0 0 0 0 X X 0 0 0 0 0 0 X X 0 0 X 0 0 0 X 0 0 0 0 0 0 0 0 0 0 X 0 0 0 0 0 0 0 X 0 0 0 0 0 X 0 0 0 0 0 0 0 X 0 0 0 0 0 X 0 0 X 0 X 0 0 0 X
X X 0 0 0 0 0 0 X X 0 0 0 X 0 0 0 0 0 0 0 0 0 X 0 X X 0 0 0 0 0 0 0 0 0 0 0 0 X 0 0 0 0 0 0 0 0 0 0 X 0 X 0 0 0 0 0 0 0 X X X 0 0 0 0 0 X 0 0 0 0 0 0 0 X 0 0 0 X 0 0 0 0 0 X 0 0 0 X 0 0 0 0 X 0 0 0 X
X X X X 0 0 0 0 X 0 0 0 0 X 0 0 0 0 X 0 0 0 0 0 0 0 0 0 X X 0 0 0 0 X 0 0 X 0 X 0 0 0 0 0 0 X 0 0 0 X 0 X 0 X X X 0 0 X 0 0 0 0 0 0 0 X X 0 0 0 0 0 X 0 0 0 0 0 X X X 0 0 0 X X 0 0 0 0 0 0 0 0 0 0 0 X
X 0 0 X 0 X 0 0 0 0 0 0 0 0 0 0 0 0 0 0 0 0 0 0 0 0 X 0 0 0 0 0 0 0 0 0 0 0 X 0 0 0 0 0 0 0 X 0 X X 0 0 X X 0 0 0 0 0 X 0 0 0 0 X 0 0 0 0 0 X 0 0 X 0 0 0 0 0 0 X 0 0 0 X 0 0 X 0 0 X 0 0 0 0 0 X X 0 X
X 0 0 X 0 0 0 0 X 0 X 0 0 0 0 0 0 0 0 X 0 0 0 0 0 0 X X 0 0 0 0 0 X 0 0 0 0 0 0 0 0 0 0 0 0 0 X 0 0 0 0 0 0 0 X 0 0 0 0 0 0 0 0 0 0 0 0 0 0 0 0 X 0 X 0 0 X 0 X 0 0 0 0 0 0 0 0 0 X 0 0 0 0 0 0 X 0 0 X
X 0 X 0 0 X 0 0 X 0 0 0 0 0 0 0 0 X 0 X X 0 X 0 0 0 0 0 0 0 0 0 0 0 0 0 0 0 0 X 0 0 X 0 0 0 X 0 0 0 X 0 0 0 0 0 0 0 X 0 0 0 0 0 0 0 0 X 0 0 0 0 X 0 0 X 0 X 0 0 X 0 X 0 0 X 0 0 0 X 0 0 0 0 0 0 0 X 0 X
X X 0 0 0 0 0 0 0 X 0 0 0 X X 0 X 0 0 0 0 0 0 0 0 0 0 0 0 0 0 0 0 0 0 X 0 0 X 0 0 0 0 0 X 0 0 X 0 0 0 0 0 0 0 0 X 0 0 0 0 X 0 X 0 X X 0 X 0 0 0 0 0 0 0 0 X X 0 X 0 0 X 0 0 0 0 0 0 X 0 0 0 0 0 0 0 0 X
X X X 0 0 0 0 0 0 0 0 X X 0 0 0 0 X 0 0 0 0 X 0 0 0 0 X X 0 0 0 0 0 0 X 0 X 0 0 0 0 0 0 0 0 0 0 0 0 0 0 0 0 0 0 X X X 0 0 0 0 X 0 0 0 0 0 0 X 0 0 0 0 0 0 0 X 0 0 X 0 0 0 0 0 0 0 0 0 0 0 0 0 0 0 0 0 X
X 0 0 0 X 0 X 0 0 0 0 0 0 0 0 0 0 0 0 0 0 0 0 X X 0 0 0 0 0 0 0 0 0 0 0 0 X X 0 0 X 0 0 X 0 0 0 0 0 0 0 0 0 0 0 X 0 0 0 X 0 0 0 0 0 0 0 0 0 X 0 0 X 0 0 0 0 0 0 0 0 0 X 0 0 0 X 0 0 0 0 0 0 X 0 0 0 X X
X 0 0 0 0 0 0 X 0 X 0 X 0 0 0 X 0 0 0 0 0 0 X 0 X 0 0 0 0 0 0 0 0 0 0 0 0 0 0 0 0 0 0 X 0 0 X 0 0 X 0 0 0 0 0 0 0 X 0 0 0 0 0 0 0 X 0 0 0 0 X 0 0 0 X 0 X 0 X 0 0 0 0 0 0 0 X 0 X 0 0 X 0 0 0 0 0 0 0 X
X X 0 0 0 0 0 X 0 0 0 X 0 0 0 0 X 0 0 0 X X 0 0 0 X 0 0 0 X 0 X X 0 0 0 X X 0 0 0 0 0 0 0 0 0 0 0 0 0 0 0 0 0 0 0 0 0 0 0 0 X 0 0 X 0 0 0 0 X 0 0 0 0 X 0 X X 0 0 0 0 X 0 0 0 0 0 0 0 X 0 0 0 0 0 0 0 X
X X 0 0 0 X 0 0 0 0 0 0 X 0 X 0 0 0 0 0 0 0 0 0 X 0 0 X 0 0 0 0 0 0 0 X 0 0 0 0 X 0 0 0 X X 0 0 0 0 0 0 0 0 X 0 0 0 0 0 0 0 X 0 0 0 0 0 0 X 0 0 0 0 X X 0 0 0 0 0 0 X 0 0 0 0 0 0 0 X 0 0 X X 0 0 X 0 X
X 0 X X 0 X 0 0 X 0 0 X 0 0 X 0 0 0 0 0 0 X 0 0 X 0 0 0 0 0 X 0 0 0 0 0 0 0 0 0 X 0 0 0 X 0 0 0 X 0 X 0 0 0 0 0 0 0 0 X 0 X 0 0 0 0 0 0 0 X 0 0 0 0 0 X X X X 0 0 0 0 0 0 X 0 X 0 0 0 X 0 0 X 0 0 0 X X
X 0 0 0 0 0 0 0 0 0 0 X 0 0 0 X 0 X 0 X 0 0 X 0 X 0 0 0 0 0 0 0 0 0 0 0 0 0 0 0 X 0 0 0 0 X 0 0 X 0 X X X 0 0 0 0 0 0 0 0 0 X 0 X 0 X 0 0 0 0 0 0 0 0 0 0 0 0 X X 0 0 0 0 X X X 0 0 0 0 0 0 0 0 X X 0 X
X 0 0 0 X 0 X 0 0 0 X 0 X 0 0 0 0 0 0 0 X 0 0 0 X 0 0 0 0 0 0 0 0 X 0 0 X 0 0 0 X 0 0 X 0 X 0 0 X 0 0 0 0 X 0 X 0 0 X 0 0 0 0 0 0 0 X X 0 X 0 0 X 0 0 X 0 0 0 0 0 0 0 0 0 0 0 0 0 X X 0 0 0 X 0 0 0 X X
X 0 0 0 0 0 0 0 0 X 0 0 0 X 0 X 0 0 0 0 X X 0 0 0 0 0 0 X 0 0 0 0 0 0 0 0 0 0 0 0 X 0 0 X X 0 0 0 X 0 0 0 X X 0 0 0 0 0 0 0 X X X 0 0 X 0 X 0 0 X 0 0 X 0 0 0 0 X 0 0 0 0 0 0 X 0 X 0 0 0 0 0 X 0 X 0 X
X X 0 0 0 0 0 0 X 0 0 0 0 0 0 X X 0 0 0 0 X 0 0 0 X X 0 X 0 0 0 0 0 X 0 0 0 0 X X 0 0 0 0 0 0 X 0 X X 0 0 0 0 X X 0 0 0 0 X 0 0 0 0 0 0 0 0 0 0 X 0 X X X 0 X X 0 0 0 0 0 0 0 X X X 0 0 0 X 0 0 0 0 0 X
X 0 0 0 0 0 0 X 0 0 0 0 0 0 X 0 0 X 0 X X 0 0 X 0 0 0 0 0 0 0 0 X 0 0 0 0 0 X 0 X 0 X 0 0 0 0 0 X 0 0 0 0 0 0 0 X X 0 0 X 0 0 0 X 0 0 0 0 0 0 X 0 X 0 X 0 0 0 0 0 X X X X 0 0 0 0 X 0 0 0 X 0 0 0 0 X X
X 0 0 0 0 0 0 0 X 0 0 0 0 0 0 0 0 0 0 0 0 X X 0 X 0 0 0 0 0 X 0 X 0 0 0 0 0 0 0 0 X 0 0 0 0 0 0 0 0 0 0 X 0 0 0 0 X 0 0 0 0 0 0 X 0 X 0 X X 0 0 0 0 0 0 0 0 0 0 0 0 0 0 0 0 0 0 0 0 0 0 0 X 0 0 X 0 0 X
X X X 0 0 0 X 0 0 X 0 0 0 0 0 0 0 X 0 0 0 0 X 0 0 X X 0 0 X 0 0 X 0 0 0 0 0 0 0 0 0 0 0 0 0 0 X 0 X 0 0 X 0 0 0 0 X 0 0 X 0 0 0 X 0 0 0 0 0 0 0 0 0 0 0 0 X X 0 0 0 0 0 0 0 0 0 0 0 0 0 0 0 X 0 0 0 0 X
X 0 0 0 X 0 0 0 0 0 X 0 0 0 0 0 0 0 0 X 0 0 0 X 0 X 0 0 X X 0 X X 0 X 0 0 0 0 0 0 0 0 X 0 0 0 0 0 0 0 X 0 0 0 0 0 0 0 X 0 X X X 0 0 0 X 0 0 0 0 0 0 0 X 0 X 0 0 0 0 0 0 0 0 0 X 0 X 0 0 0 X 0 X 0 0 0 X
X X 0 X 0 0 0 X 0 0 0 0 0 0 0 0 0 0 0 0 0 0 0 0 0 0 0 0 0 0 X 0 X 0 0 X 0 0 0 0 0 0 0 0 X 0 0 0 0 0 0 0 0 0 0 0 0 X 0 0 0 0 0 0 0 0 0 0 0 0 0 0 X 0 X 0 0 0 0 X 0 0 0 0 0 0 0 X 0 X 0 0 0 X X 0 0 0 0 0
X X X X X X X X X X X X X X X X X X X X X X X X X X X X X X X X X X X X X X X X X X X X X X X X X X X X X X X X X X X X X X X X X X X X X X X X X X X X X X X X X X X X X X X X X X X X X X X X X X S X
Camino encontrado: (1, 0) -> (1, 1) -> (1, 2) -> (1, 3) -> (1, 4) -> (2, 4) -> (3, 4) -> (3, 5) -> (3, 6) -> (3, 7) -> (3, 8) -> (3, 9) -> (3, 10) -> (2, 10) -> (1, 10) -> (1, 11) -> (1, 12) -> (1, 13) -> (1, 14) -> (2, 14) -> (2, 13) -> (2, 12) -> (3, 12) -> (4, 12) -> (4, 13) -> (4, 14) -> (4, 15) -> (4, 16) -> (4, 17) -> (4, 18) -> (4, 19) -> (4, 20) -> (4, 21) -> (3, 21) -> (2, 21) -> (1, 21) -> (1, 22) -> (1, 23) -> (1, 24) -> (2, 24) -> (3, 24) -> (3, 25) -> (3, 26) -> (3, 27) -> (3, 28) -> (2, 28) -> (2, 29) -> (2, 30) -> (2, 31) -> (2, 32) -> (2, 33) -> (2, 34) -> (2, 35) -> (2, 36) -> (2, 37) -> (2, 38) -> (2, 39) -> (2, 40) -> (2, 41) -> (2, 42) -> (2, 43) -> (2, 44) -> (2, 45) -> (2, 46) -> (1, 46) -> (1, 47) -> (1, 48) -> (1, 49) -> (1, 50) -> (1, 51) -> (1, 52) -> (1, 53) -> (1, 54) -> (1, 55) -> (1, 56) -> (1, 57) -> (1, 58) -> (1, 59) -> (2, 59) -> (2, 60) -> (2, 61) -> (1, 61) -> (1, 62) -> (1, 63) -> (1, 64) -> (1, 65) -> (1, 66) -> (1, 67) -> (2, 67) -> (3, 67) -> (4, 67) -> (5, 67) -> (6, 67) -> (7, 67) -> (8, 67) -> (9, 67) -> (10, 67) -> (10, 68) -> (10, 69) -> (10, 70) -> (11, 70) -> (12, 70) -> (13, 70) -> (14, 70) -> (14, 71) -> (14, 72) -> (14, 73) -> (14, 74) -> (14, 75) -> (14, 76) -> (14, 77) -> (14, 78) -> (13, 78) -> (13, 79) -> (13, 80) -> (13, 81) -> (13, 82) -> (13, 83) -> (13, 84) -> (13, 85) -> (13, 86) -> (13, 87) -> (14, 87) -> (15, 87) -> (16, 87) -> (16, 88) -> (16, 89) -> (16, 90) -> (16, 91) -> (16, 92) -> (16, 93) -> (16, 94) -> (15, 94) -> (14, 94) -> (13, 94) -> (12, 94) -> (11, 94) -> (11, 93) -> (10, 93) -> (9, 93) -> (8, 93) -> (7, 93) -> (6, 93) -> (5, 93) -> (4, 93) -> (3, 93) -> (2, 93) -> (1, 93) -> (1, 94) -> (2, 94) -> (2, 95) -> (2, 96) -> (3, 96) -> (4, 96) -> (5, 96) -> (6, 96) -> (7, 96) -> (8, 96) -> (8, 97) -> (8, 98) -> (9, 98) -> (10, 98) -> (11, 98) -> (12, 98) -> (13, 98) -> (14, 98) -> (15, 98) -> (16, 98) -> (17, 98) -> (18, 98) -> (19, 98) -> (20, 98) -> (21, 98) -> (22, 98) -> (23, 98) -> (24, 98) -> (25, 98) -> (26, 98) -> (27, 98) -> (28, 98) -> (29, 98) -> (29, 97) -> (30, 97) -> (31, 97) -> (31, 96) -> (31, 95) -> (31, 94) -> (31, 93) -> (31, 92) -> (31, 91) -> (31, 90) -> (31, 89) -> (30, 89) -> (29, 89) -> (29, 90) -> (29, 91) -> (29, 92) -> (29, 93) -> (28, 93) -> (27, 93) -> (26, 93) -> (25, 93) -> (24, 93) -> (23, 93) -> (22, 93) -> (21, 93) -> (21, 92) -> (22, 92) -> (23, 92) -> (24, 92) -> (25, 92) -> (26, 92) -> (26, 91) -> (26, 90) -> (26, 89) -> (26, 88) -> (26, 87) -> (26, 86) -> (26, 85) -> (26, 84) -> (26, 83) -> (26, 82) -> (27, 82) -> (28, 82) -> (29, 82) -> (30, 82) -> (31, 82) -> (31, 81) -> (31, 80) -> (31, 79) -> (31, 78) -> (31, 77) -> (32, 77) -> (33, 77) -> (34, 77) -> (35, 77) -> (35, 76) -> (35, 75) -> (35, 74) -> (36, 74) -> (37, 74) -> (38, 74) -> (38, 75) -> (38, 76) -> (38, 77) -> (38, 78) -> (38, 79) -> (37, 79) -> (36, 79) -> (35, 79) -> (34, 79) -> (34, 80) -> (34, 81) -> (35, 81) -> (36, 81) -> (37, 81) -> (37, 82) -> (36, 82) -> (35, 82) -> (35, 83) -> (35, 84) -> (35, 85) -> (35, 86) -> (35, 87) -> (35, 88) -> (35, 89) -> (35, 90) -> (36, 90) -> (37, 90) -> (38, 90) -> (39, 90) -> (40, 90) -> (41, 90) -> (42, 90) -> (43, 90) -> (43, 89) -> (43, 88) -> (43, 87) -> (43, 86) -> (44, 86) -> (45, 86) -> (46, 86) -> (46, 87) -> (46, 88) -> (46, 89) -> (46, 90) -> (46, 91) -> (46, 92) -> (46, 93) -> (45, 93) -> (44, 93) -> (44, 92) -> (43, 92) -> (42, 92) -> (41, 92) -> (40, 92) -> (39, 92) -> (39, 93) -> (39, 94) -> (39, 95) -> (39, 96) -> (39, 97) -> (39, 98) -> (40, 98) -> (41, 98) -> (42, 98) -> (43, 98) -> (43, 97) -> (44, 97) -> (45, 97) -> (45, 98) -> (46, 98) -> (47, 98) -> (48, 98) -> (49, 98) -> (50, 98) -> (50, 97) -> (50, 96) -> (50, 95) -> (49, 95) -> (48, 95) -> (47, 95) -> (47, 94) -> (47, 93) -> (47, 92) -> (48, 92) -> (49, 92) -> (50, 92) -> (51, 92) -> (52, 92) -> (53, 92) -> (54, 92) -> (55, 92) -> (56, 92) -> (57, 92) -> (58, 92) -> (59, 92) -> (60, 92) -> (61, 92) -> (62, 92) -> (63, 92) -> (64, 92) -> (65, 92) -> (65, 93) -> (65, 94) -> (65, 95) -> (65, 96) -> (65, 97) -> (66, 97) -> (67, 97) -> (67, 98) -> (68, 98) -> (69, 98) -> (69, 97) -> (69, 96) -> (69, 95) -> (70, 95) -> (71, 95) -> (72, 95) -> (73, 95) -> (74, 95) -> (74, 96) -> (74, 97) -> (74, 98) -> (75, 98) -> (76, 98) -> (77, 98) -> (78, 98) -> (79, 98) -> (80, 98) -> (81, 98) -> (82, 98) -> (83, 98) -> (84, 98) -> (84, 97) -> (84, 96) -> (84, 95) -> (84, 94) -> (84, 93) -> (84, 92) -> (84, 91) -> (84, 90) -> (84, 89) -> (84, 88) -> (84, 87) -> (84, 86) -> (84, 85) -> (84, 84) -> (84, 83) -> (84, 82) -> (85, 82) -> (86, 82) -> (87, 82) -> (87, 81) -> (87, 80) -> (87, 79) -> (88, 79) -> (89, 79) -> (89, 80) -> (89, 81) -> (89, 82) -> (89, 83) -> (89, 84) -> (88, 84) -> (87, 84) -> (86, 84) -> (85, 84) -> (85, 85) -> (86, 85) -> (87, 85) -> (88, 85) -> (88, 86) -> (88, 87) -> (88, 88) -> (88, 89) -> (87, 89) -> (86, 89) -> (85, 89) -> (85, 90) -> (85, 91) -> (85, 92) -> (85, 93) -> (86, 93) -> (87, 93) -> (87, 94) -> (87, 95) -> (87, 96) -> (88, 96) -> (89, 96) -> (89, 95) -> (90, 95) -> (91, 95) -> (91, 96) -> (92, 96) -> (93, 96) -> (94, 96) -> (94, 97) -> (95, 97) -> (96, 97) -> (97, 97) -> (98, 97) -> (98, 98) -> (99, 98)
Tiempo de ejecución: 0.8936 milisegundos
