Laberinto:
X X X X X X X X X X X X X X X X X X X X X X X X X X X X X X X X X X X X X X X X X X X X X X X X X X X X X X X X X X X X X X X X X X X X X X X X X X X X X X X X X X X X X X X X X X X X X X X X X X X X X X X X X X X X X X X X X X X X X X X X X X X X X X X X X X X X X X X X X X X X X X X X X X X X X X X X X X X X X X X X X X X X X X X X X X X X X X X X X X X X X X X X X X X X X X X X X X X X X X X X
E 0 0 0 0 X 0 X 0 0 0 0 X 0 0 0 0 0 0 0 0 0 0 0 0 0 0 0 0 0 0 X 0 0 0 0 0 X 0 0 0 0 0 0 0 0 0 0 0 0 X 0 0 0 X 0 X 0 0 0 0 X X 0 X 0 0 X 0 0 0 0 0 0 X 0 0 0 0 0 X 0 X X 0 0 X X 0 0 0 0 0 X X 0 0 0 0 0 0 X X 0 0 0 0 X 0 X 0 0 0 0 0 X 0 0 0 0 0 X 0 0 X X 0 0 X X X 0 0 0 X 0 0 0 X 0 0 0 0 0 X 0 X X 0 0 0 0 X 0 0 0 0 0 X X 0 0 X X 0 0 0 0 X 0 X X 0 0 X 0 0 0 X 0 0 0 0 X X 0 0 0 0 0 0 0 X 0 X 0 0 X X X
X 0 0 0 X 0 0 X 0 0 0 0 0 0 0 0 X 0 0 0 0 0 0 X 0 0 0 0 X 0 X 0 0 0 0 0 0 0 0 0 0 0 0 0 0 0 0 0 0 0 0 0 X 0 0 0 0 X 0 0 0 0 0 0 0 0 0 0 0 0 0 0 0 0 0 0 0 0 X 0 0 0 0 0 0 0 0 0 0 0 0 0 0 0 0 0 X 0 0 0 X 0 0 0 0 0 0 X 0 0 0 X 0 0 0 0 0 0 0 0 0 0 X 0 X 0 0 X 0 X 0 0 0 0 0 0 X 0 0 X 0 0 0 X X 0 X 0 X X 0 0 X 0 0 0 X X X X 0 0 0 0 0 0 X 0 0 0 0 0 0 0 0 0 0 0 0 0 0 0 X 0 0 X X 0 0 0 0 0 0 0 X X 0 0 0 X
X 0 X X 0 X 0 X 0 0 0 0 0 X 0 0 X 0 0 0 0 X 0 X 0 0 0 X X X X 0 0 X 0 0 X 0 0 X X 0 0 X 0 0 0 0 0 0 0 0 0 0 X 0 0 0 0 0 0 0 0 X 0 0 X X 0 0 0 0 0 X X X 0 X 0 0 0 0 0 0 X 0 0 X 0 0 0 0 0 0 0 0 0 0 0 0 0 0 0 0 0 0 0 0 0 0 0 X 0 0 0 0 X 0 0 0 0 0 0 X 0 0 0 0 0 0 0 0 0 0 0 0 0 0 0 X 0 X 0 0 X 0 0 0 0 0 0 0 0 0 0 0 0 0 0 X 0 0 0 0 X 0 0 X X 0 0 0 0 0 0 0 0 0 0 0 0 0 0 X 0 0 0 0 0 0 0 0 0 0 0 X 0 0 0 X
X 0 0 0 X 0 0 0 0 0 0 0 0 0 X 0 0 X 0 0 0 X 0 0 0 0 0 0 0 0 0 0 0 0 X X 0 0 0 X 0 X 0 0 0 X 0 X 0 X 0 0 0 X X 0 0 0 0 X 0 X 0 0 0 X 0 X 0 0 0 0 X 0 0 0 X X 0 0 0 X 0 0 0 X 0 0 0 0 X 0 0 0 X 0 X 0 0 0 0 0 0 0 0 X 0 0 X 0 0 X 0 0 0 0 0 X 0 0 0 0 0 0 0 X 0 X 0 0 0 0 0 X X X 0 X 0 X 0 X 0 0 0 0 X X X 0 0 0 0 0 0 0 X 0 0 0 X 0 0 0 0 X 0 0 0 0 0 0 0 0 0 0 X 0 0 0 0 0 0 0 X 0 0 0 0 0 0 X 0 0 X 0 0 X 0 X
X 0 0 0 0 0 0 0 0 0 0 X X X 0 0 0 0 0 0 0 0 0 0 0 X 0 X 0 0 0 0 0 0 0 X 0 0 0 0 0 X 0 0 0 0 0 0 0 X X 0 X X X X 0 0 0 0 0 0 0 0 0 0 0 X 0 0 0 X 0 X 0 0 0 0 0 0 X 0 0 0 0 0 X 0 0 X 0 0 0 0 0 0 0 0 0 X 0 0 0 0 0 0 0 0 0 0 0 0 0 0 0 0 0 X 0 X 0 X 0 0 0 0 0 0 X 0 0 0 X 0 0 0 0 0 X 0 0 0 0 0 0 0 X 0 0 0 0 0 0 0 X X 0 0 X X X 0 0 0 X 0 0 X 0 X 0 0 0 X 0 X 0 0 0 0 0 0 0 0 0 0 X 0 0 0 0 0 X 0 0 0 X X 0 X
X X X 0 0 0 0 0 X 0 X 0 0 X 0 0 0 0 0 0 0 0 0 0 0 0 0 0 0 0 0 0 0 0 0 0 X 0 X 0 X 0 0 0 0 0 0 0 X 0 0 0 X 0 0 0 0 0 0 0 X X 0 0 0 0 0 0 X 0 0 X 0 0 0 X 0 0 X 0 0 0 0 0 0 0 X X 0 0 0 0 0 0 0 0 0 0 0 0 0 0 0 0 0 X 0 0 0 X 0 X 0 0 X 0 0 0 0 0 X 0 0 0 0 0 0 0 0 0 X 0 0 0 0 0 X 0 0 0 0 0 X 0 0 0 X 0 0 0 0 0 0 0 0 0 0 0 0 0 0 0 0 0 0 0 X 0 0 0 0 0 0 0 X 0 0 0 0 0 0 0 0 X 0 0 0 0 0 0 0 0 0 X 0 0 0 0 X X
X X 0 0 0 0 0 0 0 0 0 0 0 0 0 0 0 0 X 0 0 X X 0 0 X 0 0 0 0 X X 0 0 0 X 0 0 0 0 0 0 0 0 0 X X 0 X 0 0 X X 0 0 0 0 0 0 X 0 0 0 0 0 0 0 0 0 0 X 0 0 0 X X 0 0 0 0 0 0 X 0 0 0 0 0 0 0 X 0 X 0 0 X 0 X 0 0 0 0 X 0 X 0 0 0 0 0 0 0 0 0 0 0 X 0 0 0 0 0 0 0 X 0 0 0 0 0 X 0 0 0 0 0 0 X 0 X 0 X 0 0 0 0 0 0 0 0 0 0 0 0 X 0 X 0 0 0 0 0 0 0 0 X 0 X X 0 0 0 0 0 X 0 0 X 0 0 0 0 X X 0 0 0 0 0 0 0 0 X X 0 0 X 0 0 X
X 0 0 0 0 0 0 0 0 0 0 0 0 0 X 0 0 0 0 X X 0 0 0 X 0 0 0 0 0 0 0 0 0 X 0 0 0 0 0 X X 0 0 0 0 0 0 X 0 0 X 0 0 X 0 X X X 0 0 0 0 0 0 0 X X 0 0 0 0 0 0 0 0 0 0 X 0 0 0 0 0 0 0 0 0 0 0 0 X 0 X 0 X 0 0 X 0 0 0 0 0 0 0 X X 0 0 0 X X X 0 0 0 0 X 0 X X X X 0 0 0 0 X 0 0 X 0 0 X 0 0 X X 0 X 0 0 X 0 0 0 X 0 0 0 0 0 0 0 0 0 0 0 0 0 0 0 0 0 0 X 0 0 X 0 0 0 X 0 0 0 0 0 X 0 X 0 0 0 0 0 X X 0 0 0 0 0 0 X 0 0 0 X
X 0 0 0 0 0 0 X X 0 0 0 0 X 0 0 0 0 0 X 0 0 0 0 X 0 X X 0 0 0 0 0 0 0 0 0 0 0 0 0 0 X 0 X 0 0 0 0 0 0 0 0 0 0 0 0 X 0 X 0 0 X 0 0 0 0 0 X 0 X 0 0 0 0 0 0 0 0 X 0 0 0 0 0 0 0 0 X X X 0 0 0 0 X 0 0 0 0 X 0 X X 0 X 0 0 0 0 0 0 X 0 0 X 0 0 0 0 X X 0 0 0 0 0 0 0 X 0 X 0 X 0 0 0 X 0 X 0 0 0 0 0 0 X 0 0 0 0 X X 0 X 0 X 0 0 0 0 0 0 0 0 0 0 X X 0 0 0 0 0 X 0 0 0 X X X 0 X X 0 0 0 0 0 0 0 0 0 0 0 0 0 0 0 X
X 0 X 0 X 0 0 0 0 0 X 0 0 X 0 0 0 X 0 0 0 0 0 0 0 0 0 0 0 0 0 0 0 0 0 0 0 0 0 0 0 0 X 0 0 0 0 0 0 0 0 0 0 0 0 0 0 0 0 X X 0 X 0 X 0 0 X 0 0 X 0 0 0 0 0 0 0 0 X 0 0 0 0 0 X 0 0 0 0 0 0 0 0 0 0 0 X 0 0 0 0 X X 0 0 0 X 0 X 0 0 0 0 X 0 X 0 0 0 X 0 0 0 0 0 0 0 0 0 0 0 0 0 0 0 0 0 0 0 0 0 0 0 X X 0 0 0 0 0 0 0 0 0 X 0 0 X 0 0 X X 0 0 X 0 0 0 0 0 0 0 0 X 0 0 0 0 0 0 0 X 0 0 0 0 0 0 0 0 X 0 0 X 0 0 0 0 X
X X X 0 0 X 0 0 0 0 0 0 0 0 0 0 0 0 0 0 0 0 0 0 0 0 0 0 X 0 0 X 0 0 0 0 X 0 X 0 X 0 0 0 0 0 0 0 0 0 0 0 0 0 0 0 X 0 X X 0 0 X X 0 0 0 X X 0 0 0 0 X X 0 0 0 0 0 0 0 X 0 0 0 X 0 0 0 X X 0 0 X 0 0 0 0 X 0 X 0 0 X 0 0 X 0 0 X X 0 0 0 0 X 0 0 X 0 0 0 0 0 0 X 0 X X X 0 0 0 0 0 0 0 0 0 0 0 0 0 0 0 0 0 0 0 0 X 0 X X X 0 0 0 0 0 0 0 X X 0 X 0 0 0 0 X 0 0 0 0 0 0 0 0 0 0 0 0 0 0 0 0 0 0 X 0 0 X 0 X 0 0 0 X
X X X 0 0 0 0 X 0 0 X X 0 0 0 0 0 0 X 0 0 0 0 0 0 0 0 0 X 0 0 0 0 0 0 0 0 0 0 0 0 0 0 X 0 0 0 0 0 0 X X X X 0 0 X 0 0 X 0 0 0 0 X 0 X 0 0 0 0 X 0 X 0 0 0 X X 0 0 0 0 0 0 0 0 0 0 0 0 X 0 0 X X 0 0 0 0 0 0 0 X 0 0 0 X 0 0 0 0 0 0 0 X 0 0 X 0 0 X X X 0 0 X 0 0 X 0 X 0 0 0 0 X 0 0 0 0 0 X X 0 0 0 0 0 X X X 0 X 0 0 0 X 0 0 X 0 0 0 X 0 0 0 0 0 0 0 0 0 0 0 0 0 0 0 0 X 0 0 X 0 0 0 0 0 0 0 X 0 0 0 0 X X X
X X 0 0 0 0 0 X 0 0 0 0 0 0 X 0 0 0 0 0 X 0 0 0 0 0 0 0 X X X 0 X 0 X 0 0 0 X 0 X 0 0 X 0 0 0 0 0 0 0 X 0 0 0 0 0 0 0 0 0 0 0 X 0 0 0 X X 0 0 0 0 X X 0 0 0 0 0 0 0 0 X 0 0 0 0 0 0 X X 0 X 0 X 0 0 0 0 0 X 0 0 0 0 0 0 0 0 0 0 0 0 0 0 0 0 0 0 0 0 0 0 0 0 0 0 0 0 X 0 0 0 0 0 X 0 X 0 0 0 0 0 X 0 X X 0 0 0 0 0 X 0 0 0 0 X 0 X X 0 0 0 0 0 0 0 0 0 X 0 X 0 X 0 0 0 X 0 0 0 0 0 0 0 0 0 0 0 0 X 0 0 0 0 0 0 X
X 0 X X 0 X 0 0 0 0 X X 0 0 0 0 0 X 0 0 0 0 0 0 0 0 0 0 0 0 X 0 0 0 0 0 0 0 0 0 0 0 X 0 X 0 0 X X 0 0 0 0 X 0 0 0 0 0 0 0 0 0 0 0 0 0 0 0 0 0 0 0 0 0 0 0 X X 0 X X 0 X 0 0 0 X X 0 0 0 0 X 0 0 0 0 0 0 0 0 0 0 0 X 0 0 X 0 X 0 0 0 X 0 0 0 0 0 0 0 0 0 0 X 0 0 0 0 0 0 0 0 X 0 0 0 0 0 0 0 0 0 X X 0 0 0 X 0 X X 0 0 0 0 0 0 0 0 0 0 0 0 0 0 0 X 0 0 X X 0 X 0 0 0 0 0 0 X 0 X 0 X 0 0 0 0 0 0 0 X 0 0 0 0 X X
X X 0 0 0 0 X X 0 0 0 0 0 0 0 0 0 0 X 0 0 0 0 0 0 0 0 0 0 0 0 X X 0 0 0 0 0 X 0 0 0 0 0 0 0 0 X 0 0 0 0 0 X 0 0 0 0 0 0 0 0 0 0 0 0 0 0 0 0 X 0 0 0 0 0 0 0 0 X 0 X 0 X 0 X 0 0 0 0 0 0 0 0 X 0 0 0 0 X 0 0 0 0 0 X 0 0 0 0 X 0 0 0 0 0 0 0 0 X 0 0 X 0 0 0 0 0 0 X 0 0 0 0 0 0 X X 0 0 0 0 0 0 0 0 X 0 0 0 0 0 0 0 0 0 0 0 0 X 0 X 0 0 0 0 0 X 0 0 0 0 0 0 0 0 0 X X X X 0 0 0 0 X 0 0 X 0 0 0 0 0 X 0 X 0 0 X
X 0 0 0 0 0 X 0 0 0 0 0 0 0 X 0 X X 0 0 0 0 0 0 0 0 0 0 0 0 X X 0 0 0 0 0 X X 0 0 0 0 0 X 0 X X X X 0 0 0 0 0 0 0 0 0 0 0 X 0 0 0 X 0 0 0 X X 0 0 0 0 X 0 0 X 0 X 0 0 X 0 X 0 0 0 0 X 0 0 0 0 0 0 0 0 0 0 X 0 0 X 0 0 X 0 0 0 0 0 X X 0 0 X 0 0 0 0 0 0 0 0 0 0 0 0 0 X X 0 0 0 0 0 0 0 X 0 X 0 0 0 0 0 0 X 0 0 0 0 0 0 0 0 X X 0 0 X 0 0 0 0 0 0 0 0 0 0 0 0 0 0 0 0 0 0 0 0 0 X X 0 0 0 0 0 0 0 0 0 0 0 X 0 X
X 0 0 0 0 0 0 0 0 0 0 0 X 0 0 0 0 0 0 0 0 0 X 0 0 X 0 0 0 0 0 X 0 0 0 X 0 0 0 X X 0 0 0 0 0 0 0 X 0 0 0 0 0 X 0 0 0 0 0 0 0 0 X 0 0 0 X 0 0 0 0 0 0 X 0 0 0 0 0 0 0 0 0 X 0 X 0 0 0 0 0 X 0 0 0 0 0 0 0 X 0 X 0 0 0 0 0 X 0 0 X 0 0 0 0 0 X X 0 X 0 0 0 0 0 0 0 0 0 0 0 0 0 0 0 0 0 0 0 0 X X X 0 0 0 0 0 0 0 0 0 0 0 0 0 0 0 0 X 0 0 0 0 0 0 0 0 0 0 0 0 0 0 X X 0 0 0 0 0 0 0 0 X 0 0 X 0 0 0 X X 0 0 0 0 0 X
X 0 0 0 0 X 0 0 X X 0 X 0 X 0 0 0 0 X 0 0 0 0 0 0 0 0 0 X 0 0 0 0 0 X 0 X X X 0 0 0 0 0 0 0 0 0 X 0 0 0 0 0 0 0 X 0 0 0 0 0 X 0 0 0 0 0 0 0 0 X 0 0 0 0 0 0 X 0 X 0 X 0 0 0 0 0 X X 0 0 0 0 0 0 X 0 0 0 0 X X 0 0 0 0 0 X X 0 0 0 X 0 0 0 X 0 0 0 0 0 0 0 0 0 0 0 X 0 X 0 0 0 0 0 0 0 X 0 0 0 0 X 0 0 X X 0 0 0 X 0 0 0 0 0 0 X 0 0 0 X 0 X 0 0 0 X 0 0 0 X 0 0 0 0 0 0 X 0 0 0 X 0 0 0 0 0 0 0 0 X 0 0 0 0 0 X
X 0 X X 0 0 0 0 0 0 0 0 0 0 0 0 0 0 X 0 0 0 0 0 0 X 0 0 0 0 X 0 0 0 0 0 0 0 0 0 0 0 X 0 0 0 X 0 0 0 0 0 0 0 0 0 0 0 0 X X 0 0 0 0 0 0 X 0 0 X 0 X 0 0 0 0 X 0 0 0 X 0 0 0 X 0 0 0 0 X 0 0 0 0 X 0 0 X X 0 0 0 0 X 0 0 0 0 0 0 0 0 X X 0 0 0 0 0 0 0 0 0 0 0 0 0 0 0 0 0 0 0 0 X 0 X 0 0 0 0 X X 0 0 0 0 0 0 0 0 0 0 0 0 0 0 0 0 0 0 0 0 0 0 0 X X X 0 0 0 X 0 0 X 0 0 X 0 0 0 0 0 0 0 0 X 0 0 0 0 0 0 X 0 0 0 X
X 0 0 0 0 X 0 X 0 X 0 0 0 0 0 0 0 X X 0 X 0 0 0 0 0 0 0 0 0 X 0 0 0 0 X X X 0 0 0 0 0 0 0 0 0 0 0 X 0 0 X 0 0 0 0 0 0 0 X 0 0 0 0 0 0 X 0 0 X 0 0 0 X 0 X 0 0 0 X 0 0 X X X 0 0 0 0 0 X 0 0 0 0 X 0 0 0 0 0 0 X 0 0 0 X 0 0 0 0 0 X 0 0 0 0 X 0 0 0 0 0 0 X 0 0 0 X 0 X 0 0 0 X 0 0 0 0 0 0 0 X 0 0 X 0 0 0 0 0 0 0 0 0 0 0 0 X X 0 X 0 0 0 0 0 X 0 0 0 0 0 0 0 X X X X 0 0 0 0 0 X X 0 0 0 0 0 0 0 0 0 X 0 X X
X 0 0 0 X X 0 0 0 X 0 0 X 0 0 0 0 0 0 0 0 0 X 0 0 0 0 0 0 0 0 X 0 0 0 0 0 0 X 0 0 0 0 0 0 0 0 0 0 0 0 0 0 0 0 0 0 0 0 0 0 0 0 0 0 0 0 0 X 0 0 0 0 0 0 0 0 0 0 X 0 X 0 0 0 0 0 0 0 0 0 X 0 0 X 0 0 0 0 0 0 0 0 0 0 0 0 0 0 0 0 0 0 0 0 X X 0 0 0 0 0 X 0 0 0 0 0 0 0 0 0 X X 0 0 X 0 X X X 0 0 0 0 X 0 X 0 0 0 0 0 0 0 0 X X 0 0 0 0 0 0 0 X X 0 0 0 0 0 X X 0 0 0 X X 0 X 0 0 0 0 0 0 0 0 X 0 0 0 0 X 0 0 0 0 X
X 0 0 0 0 0 0 0 0 0 0 0 0 0 0 0 0 0 X X 0 0 0 0 0 0 0 X X 0 0 0 X 0 0 X 0 0 0 0 0 X 0 0 0 0 0 0 X 0 0 X 0 0 0 0 0 X 0 0 0 0 0 0 0 0 0 0 0 X 0 0 0 0 0 0 X 0 0 0 0 0 0 X 0 0 0 0 0 0 0 0 0 0 X 0 0 0 0 0 X X 0 0 0 0 0 0 0 X 0 0 X X 0 X 0 X 0 0 0 0 0 0 0 X 0 0 0 0 0 0 0 X 0 0 0 0 X 0 0 X X 0 X 0 0 X 0 0 0 0 X 0 0 X 0 X 0 X 0 X 0 0 0 0 X 0 X 0 0 0 0 0 0 0 0 X 0 X 0 0 0 0 X 0 X 0 0 0 0 X 0 0 0 0 X 0 0 X
X 0 X 0 0 0 0 X 0 X X 0 0 0 0 0 0 X 0 0 0 X X 0 0 0 X X 0 0 0 0 0 0 0 0 0 0 0 0 0 X 0 X 0 0 0 X 0 0 0 0 0 0 0 0 0 0 0 0 0 0 0 X X X 0 0 0 X 0 0 0 X 0 X 0 0 0 0 X 0 0 0 0 0 0 X X 0 X 0 0 0 0 0 0 0 0 X 0 0 0 0 0 0 X 0 X 0 0 0 0 0 0 0 0 0 0 0 X 0 X 0 0 0 0 X X 0 0 0 0 0 0 0 0 0 0 0 X X 0 0 0 X 0 0 0 0 0 0 X 0 0 0 X 0 0 0 0 0 0 0 0 0 0 0 X X X 0 0 0 0 0 0 0 0 0 X X 0 0 0 0 0 0 0 0 0 0 0 X 0 0 0 0 X X
X 0 X 0 0 0 0 0 0 X X X 0 0 0 X 0 0 0 0 X 0 0 X 0 0 X 0 X 0 X 0 X X 0 0 0 X 0 X 0 0 0 0 0 0 0 0 0 0 X X 0 0 0 0 0 0 0 0 0 X 0 0 0 0 X 0 0 X 0 0 0 0 0 0 0 0 0 0 0 0 0 0 0 0 0 0 0 0 0 0 0 0 X 0 0 0 0 0 0 0 0 X 0 0 X 0 0 0 0 0 0 0 0 0 0 0 0 0 0 X 0 0 X 0 X 0 0 X 0 0 0 0 0 0 0 0 0 0 0 0 0 X 0 0 0 0 0 X X 0 0 0 0 X X 0 0 X 0 0 0 0 0 0 0 0 0 0 X 0 0 X 0 0 0 0 0 0 X 0 X 0 0 0 0 X 0 0 0 0 0 X 0 X 0 X 0 X
X 0 0 0 X 0 X 0 0 0 0 0 0 X 0 0 X X 0 0 X X 0 0 0 0 0 X 0 0 0 0 0 0 0 0 X 0 0 0 0 0 X 0 0 0 0 0 0 0 0 0 0 0 0 0 0 0 0 0 X 0 0 X 0 0 0 0 0 0 0 0 0 0 0 0 0 X 0 0 X 0 0 0 X 0 0 0 0 X X 0 0 0 0 0 0 0 0 0 0 0 0 0 0 X X 0 0 0 0 0 0 X X 0 0 X 0 0 0 0 X 0 0 0 0 X 0 0 0 X 0 0 0 0 0 X 0 0 0 X 0 0 X 0 0 0 0 0 0 0 0 0 X 0 0 X 0 0 0 X 0 0 0 0 X X 0 X X 0 X 0 0 X 0 X 0 X 0 0 0 0 0 X 0 X 0 0 X 0 0 0 0 X 0 0 0 X
X X X 0 0 0 0 X 0 0 X X 0 X 0 0 0 0 0 X 0 0 0 0 0 X 0 0 0 0 X 0 0 0 0 X 0 0 0 0 X 0 0 0 0 0 X X 0 0 X 0 0 0 0 X 0 X 0 0 0 0 0 0 X 0 0 0 0 0 X 0 X 0 0 0 0 0 0 0 X X 0 0 0 0 X 0 X X 0 0 0 0 X 0 0 0 0 0 0 0 0 X 0 X 0 0 0 0 0 0 0 0 X 0 0 0 0 0 0 0 0 0 0 0 X 0 0 X X 0 0 0 0 0 0 0 0 0 0 0 0 0 0 0 0 X 0 0 0 0 0 X 0 0 0 0 0 0 0 X 0 0 0 0 0 0 0 X 0 0 0 0 0 0 0 X X 0 0 0 0 0 0 0 0 X 0 0 0 0 0 0 0 0 0 0 0 X
X 0 0 X 0 X 0 0 0 0 0 0 0 0 0 0 X X X 0 0 0 0 0 X X 0 0 X 0 X 0 0 X 0 0 0 0 0 0 X 0 X 0 0 X 0 0 0 0 0 X 0 0 0 0 X 0 X X 0 0 0 0 0 0 0 0 X 0 0 0 0 X 0 0 0 X 0 0 X X 0 0 0 0 X 0 0 0 X 0 X 0 0 0 X 0 0 0 0 0 0 0 0 0 0 0 X 0 X 0 X X 0 0 0 0 0 X 0 X 0 X 0 0 0 X 0 0 0 0 0 0 0 0 X 0 0 0 0 X 0 0 0 0 0 X 0 0 0 0 X 0 0 X X 0 X 0 0 0 X X 0 0 0 0 X 0 0 0 0 0 0 0 0 X 0 X 0 0 0 X 0 0 X 0 0 0 0 X X X 0 0 X 0 0 X
X 0 X 0 X X 0 X 0 0 0 0 0 0 X 0 0 0 0 0 X 0 0 0 0 0 0 0 0 0 0 0 X 0 0 X X 0 0 0 0 0 0 0 X 0 0 0 0 0 0 0 X X 0 0 0 X 0 0 X X 0 0 0 X 0 0 0 0 0 0 0 0 0 0 0 X 0 0 0 X 0 0 X X 0 X 0 0 0 0 0 0 0 0 0 0 X 0 0 0 0 0 0 X 0 X 0 0 0 0 0 X 0 0 X 0 0 0 0 0 0 0 X 0 0 0 X 0 0 0 0 X 0 0 0 X 0 0 0 0 0 0 0 0 0 0 X 0 X X 0 0 0 0 X X X 0 X 0 0 0 0 0 0 0 0 0 X 0 X X X X 0 X 0 0 0 X 0 0 0 0 0 0 0 X X 0 0 0 0 0 0 0 0 X
X 0 0 0 0 0 X X 0 0 0 0 0 0 0 0 0 0 X 0 0 0 0 0 0 0 0 X X 0 0 0 X 0 0 0 0 0 X X 0 0 0 0 0 0 0 0 X 0 0 0 0 0 0 0 0 0 0 X 0 X 0 0 X 0 0 0 0 0 0 0 0 X 0 0 0 X 0 0 0 X 0 0 0 0 0 0 0 X 0 0 0 0 X 0 0 0 X 0 0 X 0 0 0 0 0 0 0 0 0 0 0 0 X 0 0 X 0 0 0 0 X X 0 0 0 0 0 X 0 0 0 0 0 0 0 X X 0 X 0 0 0 0 0 0 0 X 0 0 X 0 0 0 0 0 0 X 0 0 X 0 X 0 X X 0 0 X 0 0 0 0 X 0 X 0 0 0 0 0 0 0 0 0 0 0 0 0 0 0 0 0 0 0 0 0 0 X
X 0 X 0 0 X 0 0 0 0 0 0 X 0 X 0 0 0 0 0 0 0 0 0 0 0 X 0 0 0 0 0 0 X 0 0 0 X 0 0 0 0 0 0 0 X X X 0 X 0 0 0 0 X 0 X 0 0 0 0 0 0 0 0 0 0 0 X 0 X X 0 0 0 0 X 0 0 0 0 0 0 0 0 0 0 0 0 0 0 X 0 0 0 0 0 0 X 0 X 0 0 0 0 0 X X 0 X X 0 0 0 0 X 0 0 0 0 0 0 0 0 0 0 0 0 X 0 X 0 0 0 X 0 0 0 0 0 X 0 X 0 0 0 0 X 0 0 0 0 0 0 0 X 0 0 0 0 X 0 0 0 0 0 0 X 0 X X 0 0 0 X 0 X X 0 0 0 0 0 0 0 0 0 0 X X 0 X 0 0 0 0 0 0 0 X
X X 0 0 0 0 0 0 0 0 0 0 0 0 0 X 0 0 0 0 0 0 0 0 X X X 0 0 0 X X X 0 0 0 0 0 X 0 X 0 X 0 0 X X 0 0 0 0 0 0 0 0 X X 0 0 0 0 X 0 0 X 0 0 0 0 0 X 0 0 0 0 X 0 0 0 0 0 0 0 0 0 0 0 0 0 0 0 0 0 0 0 0 0 0 0 0 0 0 0 0 0 0 0 X 0 0 0 0 0 0 0 0 0 X 0 X 0 0 0 0 0 0 0 0 0 0 X X 0 X 0 X 0 0 0 0 0 0 X 0 0 0 0 0 0 X X 0 0 0 0 X 0 X 0 0 X X 0 0 0 0 0 0 0 0 0 X 0 0 0 0 0 X 0 0 X 0 0 0 0 0 0 0 X X 0 0 0 0 0 0 0 0 0 X
X X 0 X X 0 0 0 X 0 0 0 X 0 0 0 0 X X 0 0 X X 0 0 0 0 X 0 0 0 0 0 0 0 0 0 0 0 0 0 0 0 0 0 0 0 0 X 0 0 0 0 0 0 0 X 0 X X 0 0 X 0 0 X 0 0 0 0 0 0 0 0 X 0 0 X X 0 0 0 X X 0 0 0 0 0 0 X 0 0 0 0 0 0 0 0 X X 0 0 0 0 0 X 0 X 0 0 0 0 X X 0 0 0 X 0 X 0 0 X X 0 0 0 0 0 0 0 0 0 0 0 X 0 X 0 0 0 0 0 X 0 0 0 X X X 0 0 X 0 0 0 0 0 0 0 0 0 0 0 0 0 X 0 0 0 0 0 0 X X X 0 0 0 0 X X 0 0 0 0 0 0 0 0 0 X 0 0 0 0 0 0 X
X 0 0 0 0 0 0 0 0 0 0 0 0 0 X 0 X 0 0 0 0 0 0 0 0 0 0 0 0 0 0 0 X X X 0 0 X 0 X X 0 0 0 0 X X 0 0 0 0 0 0 0 0 X 0 0 0 0 X 0 0 0 0 0 0 0 X 0 0 0 0 0 0 0 X 0 0 0 0 0 0 0 X 0 0 X X 0 0 0 0 X 0 0 0 0 X X 0 X 0 X 0 0 0 0 X 0 0 0 0 0 0 0 0 0 0 0 0 0 X 0 0 0 0 X 0 0 X 0 0 0 0 0 0 0 0 0 0 X 0 0 X X 0 X 0 X 0 0 0 X 0 0 0 0 0 0 0 0 0 0 0 0 0 0 0 0 X 0 0 0 X 0 0 0 0 X 0 0 0 X 0 0 0 X 0 0 0 0 0 0 0 0 0 0 0 X
X 0 0 0 0 0 0 0 0 0 0 0 0 0 0 0 0 0 0 X X 0 X X 0 X 0 0 0 0 0 0 0 0 X 0 X 0 0 0 X X X X 0 0 0 0 0 0 0 0 0 0 X 0 0 0 X 0 0 X 0 0 0 X X 0 0 0 0 0 X 0 0 0 0 0 0 0 0 X X 0 0 X 0 0 X 0 0 0 0 0 0 X X X 0 X 0 0 0 0 X 0 0 0 0 X 0 0 0 0 0 X 0 0 0 0 0 0 X 0 X 0 0 0 0 0 X 0 0 X 0 0 0 X 0 0 0 0 0 0 0 0 0 0 0 X 0 0 0 0 0 0 0 0 0 0 0 0 0 X 0 0 X X 0 0 0 X 0 0 0 0 0 0 0 X X 0 0 X 0 0 0 0 X 0 0 X 0 0 0 0 0 0 0 X
X X 0 0 0 0 0 0 0 0 X X 0 X 0 0 0 X 0 0 0 0 0 0 0 X X 0 0 0 0 0 0 X X 0 X 0 0 0 0 0 0 X 0 0 0 0 0 0 0 0 X 0 X 0 0 X 0 0 0 X 0 0 0 0 X 0 0 0 0 0 X 0 0 0 0 0 0 X 0 X 0 0 0 0 0 0 0 X 0 X 0 0 0 0 0 0 0 X 0 0 0 0 X 0 0 0 0 X 0 0 X X 0 X X 0 X 0 0 X 0 X 0 0 0 0 0 0 0 0 0 0 0 0 0 X X 0 X 0 0 0 X 0 0 0 0 0 0 0 0 0 0 0 0 0 0 0 0 0 0 0 0 0 0 0 X 0 0 0 0 0 0 0 0 0 X 0 0 X 0 0 0 0 X 0 0 0 0 0 0 0 0 X 0 0 X X
X X 0 0 0 0 X 0 0 0 0 0 0 0 0 0 0 0 X 0 X 0 0 0 X 0 0 X 0 X 0 0 0 0 0 0 0 0 0 0 0 X 0 0 0 0 0 0 0 0 0 0 0 0 0 0 0 X 0 0 0 0 X 0 0 X 0 0 X 0 0 0 0 0 0 0 0 0 0 0 0 0 0 X 0 0 0 0 0 0 0 0 X 0 0 X X 0 0 0 X 0 X 0 0 X 0 0 X 0 0 X 0 X 0 0 0 0 0 X 0 0 0 0 0 X 0 0 0 X 0 0 0 0 X 0 0 0 0 0 0 0 X 0 0 0 0 X 0 X 0 0 0 0 0 X 0 0 0 0 0 0 0 0 0 0 0 0 0 0 X 0 0 0 0 X 0 0 X X 0 0 0 0 0 X 0 0 0 0 0 0 0 0 0 0 X 0 0 X
X X X 0 0 0 0 X X 0 X 0 0 0 0 0 X 0 0 0 0 0 0 0 0 0 0 0 0 0 0 0 0 0 0 0 X 0 0 0 0 X 0 0 0 0 0 0 X 0 0 0 X 0 0 0 0 X 0 0 0 0 X 0 0 0 0 0 0 0 0 0 0 0 0 X 0 X 0 0 0 X 0 0 0 X X 0 0 X 0 0 0 0 0 0 0 0 X 0 0 0 0 X 0 0 0 0 0 0 0 0 X 0 X X 0 X 0 0 0 0 X 0 0 0 0 X X 0 0 0 0 0 X 0 0 0 0 0 X 0 X 0 0 0 0 0 0 0 0 0 X X 0 0 0 X 0 0 0 0 0 0 0 0 0 0 0 0 0 X 0 X X 0 0 X X X 0 X 0 0 0 X 0 0 0 X 0 X 0 0 X 0 0 0 X X
X X 0 0 0 0 0 0 0 0 X 0 X 0 0 0 0 0 0 0 0 0 X 0 0 0 X 0 X X 0 X 0 X 0 0 0 0 0 0 0 0 0 0 0 0 0 X 0 X 0 0 X X X 0 0 0 0 X X 0 0 0 0 0 X X 0 0 0 0 0 0 0 0 0 0 0 0 0 0 0 0 X X 0 0 0 0 0 X X 0 X X 0 X 0 0 0 0 0 0 0 0 X 0 0 0 X 0 0 X 0 0 X X 0 0 0 X 0 X X 0 X 0 0 0 0 X 0 0 0 0 0 0 0 0 0 0 0 0 0 X 0 0 0 0 0 0 0 0 X X 0 0 0 0 0 0 0 0 0 0 0 0 X 0 0 0 X 0 0 X 0 X 0 0 0 0 0 0 0 X 0 0 0 0 0 0 0 0 0 0 0 0 0 X
X 0 0 0 0 X X 0 0 0 0 0 0 0 0 0 0 0 0 0 X 0 X 0 0 X X 0 0 X 0 0 0 0 0 0 0 0 0 0 0 0 0 0 0 0 0 0 0 0 X 0 0 0 0 0 0 0 0 0 0 0 X 0 0 0 0 0 0 0 X X X 0 0 0 X X 0 0 X 0 0 X 0 0 0 0 0 0 0 0 0 0 0 0 0 0 0 X X 0 0 0 X 0 X 0 0 0 X 0 0 0 X 0 0 X 0 0 X 0 0 0 X 0 0 X 0 0 0 0 0 X X 0 0 0 X 0 0 X 0 0 X 0 0 0 X 0 0 X 0 0 0 0 X X 0 0 0 0 0 0 0 0 0 X X 0 0 X 0 X X 0 0 0 0 X 0 X X 0 X 0 X X 0 0 0 0 0 0 0 0 0 0 0 X
X 0 0 0 0 0 0 0 X 0 0 0 0 0 0 0 0 0 0 0 0 0 0 0 0 0 0 X 0 0 X X X 0 0 0 0 X 0 0 0 0 0 X X 0 0 X 0 X 0 0 X 0 X 0 0 0 X X 0 0 0 0 0 0 0 0 0 0 0 0 0 0 0 0 0 0 X 0 0 0 0 0 X X 0 0 0 0 0 0 0 0 0 0 X 0 0 0 0 0 0 X 0 0 X 0 0 X 0 0 0 0 0 0 0 0 0 0 0 0 0 X X 0 X 0 0 X X X 0 0 0 0 0 0 0 X X X 0 0 0 X 0 X 0 0 0 0 0 0 0 0 0 X X 0 X 0 0 0 X 0 0 0 0 0 0 0 0 0 0 0 X 0 0 0 0 0 0 X X 0 X 0 0 0 0 0 0 0 0 X 0 0 0 X
X 0 X 0 0 0 0 0 0 0 X 0 X 0 X 0 0 0 0 0 X 0 X 0 0 0 0 0 0 0 X 0 X 0 0 0 0 0 0 X 0 0 0 0 0 0 0 0 0 0 0 X X 0 0 0 0 X 0 X 0 0 0 0 0 0 0 0 0 0 0 0 0 0 0 X 0 0 0 0 0 0 0 0 0 0 X 0 0 0 0 0 0 0 0 0 0 0 0 0 0 0 0 0 0 X 0 X 0 0 0 0 0 0 0 0 0 0 0 0 0 0 0 X X 0 0 0 0 0 0 X 0 X 0 0 0 0 0 0 0 X 0 0 0 0 0 0 0 0 X X 0 0 X 0 0 0 0 0 0 0 0 0 0 0 X X 0 0 0 0 0 0 0 0 0 0 X 0 0 X 0 0 0 0 0 X X X 0 X 0 0 0 0 X 0 0 X
X 0 0 0 X 0 0 X 0 X 0 0 0 0 0 X 0 0 X X 0 0 0 0 X 0 0 0 0 0 0 0 0 0 X 0 X X 0 0 0 0 0 0 0 0 X X 0 0 0 0 0 X 0 0 0 0 0 0 0 0 0 0 X 0 X 0 0 0 0 0 0 0 0 0 0 0 0 0 0 0 0 X X X 0 0 0 0 0 0 0 0 0 X 0 0 0 0 0 0 0 0 0 X 0 X 0 0 0 0 X 0 0 0 0 0 0 0 0 0 0 0 0 0 0 0 0 0 0 0 0 0 X X 0 0 0 0 X 0 0 0 0 0 0 X 0 0 0 0 0 0 0 0 0 0 X X 0 X 0 X 0 0 0 0 0 0 0 0 X X 0 0 0 0 0 X 0 0 0 0 0 0 0 0 X 0 X 0 0 X 0 X X X 0 X
X 0 0 X X 0 X 0 0 0 0 0 X 0 0 0 0 0 0 0 0 0 0 0 X 0 0 0 0 0 0 0 0 0 0 0 0 X 0 0 X 0 0 0 X 0 0 0 0 0 0 0 0 0 0 0 0 0 0 0 X 0 X 0 0 X 0 0 0 0 0 0 0 X 0 X X 0 0 0 0 0 0 0 0 0 0 0 0 0 0 0 0 0 0 0 X 0 0 0 0 0 0 0 0 0 0 0 0 0 0 0 0 0 0 X 0 0 X 0 X 0 0 X 0 0 X X 0 0 0 0 0 0 0 0 0 0 X 0 0 0 0 0 0 0 0 X 0 0 X X 0 0 0 0 X 0 X X 0 0 0 0 0 X 0 0 0 X 0 X 0 0 X 0 0 X X 0 0 0 X 0 0 0 0 0 0 0 X 0 X X 0 X 0 0 X X
X X 0 0 0 X 0 0 X X 0 0 0 X 0 X X 0 X 0 0 X 0 X X 0 0 X 0 0 0 0 0 0 0 0 0 0 0 0 0 0 X 0 0 0 0 0 0 0 0 X X 0 0 0 0 X 0 0 0 0 0 0 0 0 0 0 0 0 0 0 0 0 0 X 0 0 0 0 X 0 0 0 0 0 0 0 0 0 0 0 0 0 0 0 0 0 0 0 0 0 0 0 X X 0 0 0 X 0 0 0 0 X 0 X 0 0 0 0 0 X X 0 0 0 X 0 0 0 0 X 0 0 0 0 0 0 0 0 X X X 0 X 0 X 0 0 0 0 0 0 0 0 0 0 0 X 0 0 0 0 0 0 0 0 X 0 X 0 X 0 0 0 0 0 0 0 0 0 0 X 0 X 0 0 0 0 0 0 0 0 X 0 X 0 0 X
X X 0 0 0 0 0 0 0 0 0 X 0 X 0 0 0 X 0 0 0 X 0 0 0 X X 0 0 0 0 0 X 0 0 0 0 0 X 0 0 0 0 0 0 0 0 0 X 0 0 0 0 0 X 0 0 0 0 X 0 0 X 0 0 0 0 X 0 0 0 0 0 X 0 0 X 0 0 0 0 0 0 X 0 0 X 0 0 0 0 0 0 0 0 0 0 0 0 X 0 X 0 0 0 X 0 0 0 0 X 0 0 0 0 0 X 0 0 0 0 0 0 0 0 X 0 0 0 0 0 0 X 0 0 0 0 0 0 X 0 0 0 0 0 X 0 X X 0 0 X X 0 0 0 X 0 0 0 0 0 0 0 0 0 0 0 0 X X 0 X X 0 0 0 0 0 0 0 0 0 X 0 0 0 0 0 X 0 0 0 0 0 0 0 0 0 X
X 0 X X 0 X 0 0 0 0 0 0 0 0 0 X 0 0 0 0 X 0 0 0 X 0 X X 0 0 0 X 0 X 0 X 0 0 0 0 0 0 0 0 X X 0 0 0 0 0 0 0 0 X 0 0 0 0 0 0 0 0 0 0 X 0 0 0 0 0 0 0 X 0 X 0 0 0 0 0 0 0 0 0 0 0 0 0 X 0 0 0 0 X 0 0 0 0 0 0 0 0 0 0 0 0 0 0 0 X X 0 0 0 0 0 0 0 0 X 0 0 0 0 0 0 0 0 0 0 0 0 0 X 0 0 0 0 0 0 0 0 0 0 0 0 0 0 0 0 0 0 0 0 0 0 0 0 0 0 0 0 0 0 0 0 0 0 0 0 0 X 0 0 0 0 X 0 X 0 0 X 0 0 0 X 0 0 X X 0 0 0 0 0 0 0 0 X
X 0 0 0 X 0 0 0 0 X 0 X 0 0 0 0 0 0 0 0 0 0 0 0 0 0 X 0 0 0 0 0 0 X 0 0 0 0 0 0 X 0 0 0 X 0 0 0 X 0 0 0 0 0 X 0 X 0 0 0 X 0 0 0 0 X 0 0 X 0 0 0 0 0 0 0 X 0 0 0 X 0 0 X 0 0 0 X 0 0 0 0 0 0 0 0 0 X X 0 0 0 0 0 0 0 0 0 0 0 0 X 0 0 0 X 0 X 0 0 0 0 0 X 0 0 0 0 X 0 X 0 0 X 0 0 0 0 0 0 0 X 0 0 0 X 0 0 X X 0 X X 0 0 X X 0 0 0 X 0 0 X 0 0 X 0 X 0 0 0 0 X 0 X 0 X 0 0 0 X 0 0 0 0 0 0 X 0 X 0 0 X 0 0 0 0 0 X
X 0 0 0 0 0 0 0 0 0 0 X X 0 0 X 0 0 0 0 0 0 0 0 0 0 X 0 0 0 0 0 0 0 0 0 0 0 X 0 0 0 0 0 0 0 0 X X 0 0 0 0 0 X X 0 0 0 0 X X 0 0 X 0 0 0 0 0 0 0 0 X 0 X X 0 0 0 X 0 0 0 X 0 0 X X 0 0 0 X X 0 X X X X 0 0 X 0 X 0 0 0 0 0 X X X 0 X 0 X 0 0 0 0 0 0 0 X 0 X 0 0 0 0 0 0 0 0 0 0 0 0 0 0 0 0 0 0 0 0 0 0 0 0 0 0 0 0 0 X 0 0 0 0 0 0 0 0 0 0 0 0 0 0 X 0 0 0 0 0 0 0 0 0 0 0 0 0 0 0 0 0 X 0 0 0 X 0 0 0 0 X X X
X 0 0 X 0 0 0 0 0 0 X 0 0 0 X 0 X X 0 0 0 X 0 0 0 0 X 0 0 0 0 0 0 0 X 0 0 0 0 X 0 X 0 0 X 0 0 0 0 0 0 X 0 0 0 0 0 X X 0 0 0 0 0 0 0 0 0 0 0 0 0 0 0 0 0 0 X 0 0 0 0 0 0 0 0 X 0 0 0 0 0 0 0 X 0 X 0 0 0 X 0 0 X 0 0 0 0 0 0 0 0 0 0 0 0 0 0 0 X 0 0 0 0 0 0 0 X X X X 0 X 0 0 X 0 0 0 0 X 0 0 X 0 0 0 0 0 0 0 0 0 X X 0 X 0 0 0 0 0 X 0 0 0 0 0 X 0 0 0 0 0 0 X 0 0 0 X 0 0 0 X 0 0 0 0 X 0 0 X X 0 0 0 0 0 0 X
X 0 0 0 0 X 0 0 0 0 0 X 0 0 X X 0 0 0 0 X 0 X 0 0 0 0 0 0 0 0 X 0 0 X 0 0 0 0 0 0 0 X X 0 0 X X X 0 X 0 0 0 0 X 0 0 0 0 0 0 0 X 0 0 0 0 X 0 X 0 0 0 0 0 0 0 X 0 0 0 0 0 0 0 0 0 0 0 0 0 0 0 X 0 0 0 0 0 X 0 0 0 0 0 0 0 0 0 X 0 0 0 0 X X 0 0 0 X X 0 0 0 X X X X 0 0 0 0 X X X 0 0 0 0 0 0 X 0 0 0 0 0 0 0 X 0 0 X 0 X 0 X 0 0 0 0 X 0 X 0 0 0 X 0 0 0 X 0 0 0 0 0 0 0 0 0 X 0 0 0 0 0 0 0 0 0 0 0 X X 0 0 0 X
X 0 0 0 0 0 0 0 0 0 0 0 0 0 0 0 0 0 0 0 0 0 X 0 0 0 0 0 0 0 0 0 0 0 0 0 0 0 0 0 0 X 0 0 0 0 0 0 0 0 0 0 0 X 0 0 0 0 0 0 0 0 0 X 0 0 X X 0 0 0 0 0 0 0 0 0 0 0 0 0 0 0 0 0 X 0 0 0 0 X 0 X 0 0 0 0 0 X 0 X 0 0 0 0 0 0 X 0 0 0 0 0 0 0 0 X 0 X 0 X 0 0 0 0 X 0 0 0 X 0 0 X X 0 0 0 0 0 0 0 X 0 0 0 0 0 0 0 0 0 0 X X 0 0 0 X 0 0 X X 0 X 0 0 0 0 0 0 0 0 0 0 X 0 0 0 0 0 X 0 X 0 0 X 0 0 0 0 X 0 0 0 0 0 0 0 0 X
X 0 X 0 0 0 0 X X 0 0 0 0 X 0 X 0 0 X 0 0 0 0 0 X 0 X X 0 0 0 0 0 X 0 0 X 0 X X 0 0 0 0 0 0 0 0 0 0 0 0 X 0 0 X 0 X 0 0 0 0 X 0 0 X X 0 0 0 0 0 0 0 0 0 0 0 0 0 0 X 0 0 0 X 0 0 X 0 0 0 0 X 0 0 0 0 X X X 0 0 0 0 0 0 0 0 X 0 0 0 0 0 0 0 0 0 X X 0 X 0 X 0 X 0 0 0 0 0 X 0 0 0 0 0 0 X 0 0 X 0 0 0 X X X 0 0 X X 0 0 0 X X 0 X 0 0 0 0 0 0 0 0 0 0 0 0 0 0 0 0 0 0 X 0 0 0 0 0 0 0 0 0 0 0 X 0 0 X 0 0 0 0 X X
X X 0 X 0 0 X 0 X 0 0 0 X 0 0 0 0 X X X 0 X 0 0 0 X X 0 0 0 0 0 0 0 0 0 0 0 X 0 0 0 0 X X 0 0 0 0 0 0 0 0 0 X 0 0 0 0 0 X 0 0 0 0 0 0 X 0 0 0 X 0 0 0 0 0 0 X 0 0 0 0 X 0 0 0 0 0 X X 0 0 X X 0 0 0 0 X 0 X X X 0 X 0 X 0 0 0 0 0 0 0 0 0 0 0 0 0 0 X 0 0 0 X 0 0 0 X 0 0 0 0 0 0 X 0 0 0 0 0 0 0 0 0 0 0 0 0 0 X X 0 0 X 0 0 0 0 0 0 X 0 0 0 0 X X 0 0 X 0 0 0 0 0 X 0 0 X 0 0 0 X X 0 X 0 0 0 0 0 0 0 0 0 0 X
X 0 0 0 0 0 X 0 0 0 0 X 0 0 X X 0 0 0 0 0 0 X 0 X 0 0 0 0 0 0 0 X 0 0 0 0 0 0 0 0 0 X 0 0 0 0 0 0 0 0 0 0 X 0 0 0 0 X 0 0 0 X 0 0 0 0 X 0 X 0 0 0 0 0 0 X X 0 0 0 0 0 0 0 0 0 0 0 0 X 0 0 X 0 0 X X 0 0 X X 0 X 0 0 0 0 X 0 X 0 0 0 0 0 0 0 0 0 0 0 0 X 0 0 0 0 0 0 0 0 0 0 0 0 0 X X X 0 0 0 0 0 0 0 X 0 0 0 0 0 0 0 0 0 0 0 0 0 0 0 0 X X 0 0 0 0 0 0 X 0 0 0 0 0 X 0 0 0 0 0 0 0 X 0 0 0 0 0 0 0 X 0 0 0 0 X
X X 0 X 0 0 0 0 0 0 X X X 0 0 0 0 0 0 0 0 0 0 X 0 0 0 0 0 X X 0 0 0 0 0 X 0 0 0 0 X 0 X 0 0 0 0 X 0 0 X 0 0 X 0 0 0 X 0 X X 0 0 0 X 0 0 0 X X 0 0 0 0 0 0 X 0 X 0 0 0 0 0 0 X X 0 X 0 0 0 X 0 X X 0 0 X 0 0 0 0 0 0 0 0 0 0 0 X 0 0 0 0 0 0 0 0 X 0 0 0 0 0 0 0 0 0 0 0 0 0 0 0 X X 0 0 0 0 0 0 X 0 0 0 0 0 0 0 X X X 0 0 0 0 X 0 X 0 0 0 0 X 0 0 0 0 0 0 0 0 0 0 0 0 0 0 0 0 0 0 X 0 X 0 0 0 0 X 0 0 0 0 0 0 X
X X 0 0 0 0 X X 0 0 0 X X 0 0 0 0 0 0 X 0 0 0 0 0 0 X 0 0 0 X 0 0 0 X 0 0 0 0 0 X 0 0 0 0 X 0 0 0 0 0 X 0 X 0 0 0 0 0 X 0 X 0 X 0 0 0 0 0 0 0 0 X 0 0 0 0 0 0 X X 0 0 0 0 0 0 0 0 0 0 0 0 0 X 0 X X 0 0 0 0 0 0 0 X 0 0 0 X 0 0 0 0 X 0 0 0 0 0 0 0 0 0 0 0 0 0 X 0 0 0 0 0 0 X 0 0 0 0 X 0 0 0 0 0 X X 0 0 0 0 0 0 0 0 0 0 0 X 0 0 X 0 X 0 0 X 0 0 0 0 0 0 0 X 0 0 X 0 0 0 0 0 0 0 0 0 0 0 X 0 0 0 0 X 0 0 0 X
X X X 0 0 0 0 0 X 0 0 0 X X 0 X 0 0 0 0 0 0 X X 0 0 X 0 0 X 0 0 0 0 0 0 0 X 0 0 0 0 0 0 X 0 0 X X 0 0 X 0 0 0 X 0 0 0 X X 0 0 0 0 0 0 X 0 X 0 0 0 0 0 0 X 0 0 X X 0 0 0 X X 0 0 0 0 0 X 0 0 0 0 0 X 0 0 0 0 0 0 0 0 0 0 0 X 0 X X 0 0 0 0 0 0 X 0 0 X X 0 0 0 0 0 0 0 0 X 0 X X 0 0 0 0 0 0 X 0 0 0 0 0 0 X 0 0 0 0 0 0 0 0 0 X 0 0 X 0 0 X 0 0 X X 0 0 0 0 0 0 0 0 0 X 0 X 0 X 0 0 X 0 0 X 0 0 0 0 0 0 X 0 0 X
X 0 0 0 0 0 X 0 0 0 0 0 0 0 0 0 0 0 0 0 0 0 0 0 X 0 0 0 0 0 X 0 0 0 0 0 0 X 0 0 0 0 0 0 0 0 X 0 0 X 0 0 0 0 0 0 0 0 X X 0 0 0 0 0 0 0 0 0 0 X 0 X X 0 0 0 X 0 0 0 0 0 0 0 0 0 0 0 0 X 0 0 0 0 0 0 0 0 0 0 X 0 0 X 0 0 X 0 X 0 0 X 0 X 0 0 0 0 0 0 0 0 0 0 X 0 0 X 0 0 0 X 0 0 0 X 0 0 0 X 0 0 0 0 0 0 0 0 0 0 0 0 0 0 0 0 0 0 0 0 0 0 0 X 0 0 0 0 0 0 0 0 0 X 0 0 0 X X X 0 0 0 0 0 X X 0 0 0 0 0 X 0 X X 0 0 X
X 0 0 0 0 0 0 0 X 0 X 0 0 0 0 0 X 0 0 0 0 X 0 0 X X 0 0 0 0 X 0 0 0 X 0 0 0 0 0 0 0 0 0 0 0 0 0 0 X 0 0 0 0 0 0 X 0 X 0 X 0 0 0 0 X 0 0 0 0 0 0 0 X X 0 0 0 X 0 X 0 0 0 X 0 X 0 0 0 0 0 X 0 0 X 0 X 0 0 0 0 0 0 0 0 0 X 0 0 0 0 X 0 0 X 0 0 0 0 0 0 X X X 0 0 0 0 0 X 0 X 0 0 X X 0 X X 0 0 0 0 X 0 0 0 0 0 X 0 0 0 0 0 0 0 X 0 0 X 0 0 X 0 0 0 0 0 X 0 0 0 X 0 0 0 X 0 0 0 0 0 X 0 X X 0 0 0 0 X 0 0 0 0 0 0 X
X 0 0 X 0 0 0 0 0 X 0 0 0 0 0 X 0 X 0 0 0 0 0 0 0 0 0 X 0 0 0 0 0 0 X 0 0 0 0 0 0 0 0 0 0 0 0 0 0 X X X 0 0 0 0 0 0 0 0 0 0 X 0 0 X 0 0 0 0 0 0 0 0 0 X 0 X X 0 0 0 0 X 0 0 0 0 0 0 0 0 0 0 0 0 0 0 0 0 0 0 X 0 0 0 0 0 0 0 X X X X 0 X X 0 0 0 0 X 0 0 0 0 0 0 0 0 0 0 X 0 0 0 0 0 0 0 0 X X 0 0 0 0 0 X X X X 0 0 0 0 0 0 0 X 0 X 0 0 X 0 0 0 X 0 0 0 X 0 X 0 0 0 0 X 0 0 0 0 0 X 0 0 0 0 X 0 X 0 0 X 0 0 0 X
X 0 0 0 0 0 0 X 0 X 0 0 X 0 X 0 0 0 0 0 0 0 0 0 0 0 X X 0 0 X 0 X 0 0 0 0 0 0 0 0 0 X 0 0 0 0 0 0 0 0 0 0 0 0 0 0 X 0 X 0 0 0 0 0 0 0 0 0 0 X 0 0 0 0 0 0 0 0 0 0 0 0 0 0 0 X 0 X X 0 0 0 X 0 X X 0 0 X 0 0 0 X 0 0 0 0 0 0 X 0 X X 0 0 X 0 0 0 0 0 0 0 0 0 X 0 0 0 0 0 0 0 0 0 0 X 0 0 0 0 0 X 0 X 0 X 0 0 X 0 0 0 0 0 0 X 0 0 X X 0 0 X 0 X 0 0 0 0 0 0 0 0 0 0 0 0 0 X 0 0 X 0 X X 0 0 0 X 0 0 0 0 X 0 0 0 X
X 0 0 0 X 0 X 0 0 0 0 0 0 0 X 0 0 0 0 0 0 0 0 0 0 0 0 0 0 X 0 X 0 0 0 0 0 X 0 0 0 0 0 0 0 X 0 0 0 0 0 X 0 0 0 0 0 0 0 X 0 0 0 0 0 0 0 0 0 0 X 0 0 X 0 X 0 0 X 0 0 0 0 0 0 0 0 0 0 0 0 0 X 0 0 0 0 0 0 0 X 0 0 0 0 X 0 X 0 X X 0 X 0 0 X 0 0 0 0 X 0 0 0 0 0 0 0 X 0 0 0 0 0 X 0 0 0 0 0 0 0 0 0 0 0 X 0 0 0 0 X 0 0 0 X 0 X 0 0 0 0 X 0 0 X X 0 0 0 0 X 0 0 0 0 0 X 0 0 0 0 0 0 0 X 0 0 0 0 0 0 X X 0 0 0 0 X X
X 0 0 0 0 X 0 0 0 X 0 0 X X 0 0 0 0 0 0 0 X 0 0 0 X 0 0 X X X 0 0 0 0 0 0 0 0 0 X 0 X 0 0 0 X 0 0 0 0 X 0 0 0 0 0 0 0 0 0 0 0 0 0 X 0 0 0 0 0 X X 0 0 0 X 0 0 X X 0 0 0 0 0 0 0 0 0 0 0 0 X X 0 X 0 0 0 0 0 0 0 0 0 X 0 0 0 0 0 0 0 0 0 0 X 0 X 0 0 0 0 0 0 0 0 0 0 0 0 0 X 0 0 0 0 0 0 0 0 X 0 0 0 0 X 0 X 0 0 0 X 0 0 0 0 0 0 0 0 0 0 0 0 0 0 0 X 0 X 0 0 X 0 0 X X 0 0 X 0 0 0 0 0 0 0 0 0 0 0 0 0 0 X X 0 X
X 0 0 0 0 0 0 0 0 0 0 0 0 0 X 0 0 0 0 0 0 X X X 0 0 X 0 0 0 0 0 0 0 0 X X 0 0 0 X 0 0 0 0 0 0 X 0 0 0 0 0 0 0 0 0 0 0 0 0 0 0 0 X 0 0 0 0 0 0 0 0 0 0 0 0 0 0 0 X 0 0 X 0 0 X 0 0 X 0 0 0 X 0 0 0 X 0 0 0 X 0 X 0 0 0 0 0 0 0 0 X 0 0 0 0 0 0 0 0 0 X X 0 0 0 0 0 0 0 0 0 0 0 0 X 0 0 0 0 X 0 0 X X 0 0 0 X 0 0 0 X 0 0 0 0 0 0 0 X 0 X 0 0 0 0 0 0 0 0 0 0 0 0 0 0 X 0 0 0 0 X 0 X 0 0 0 0 0 0 0 X 0 X 0 0 X X
X 0 0 0 0 X 0 0 0 X 0 0 0 0 0 X 0 X 0 X 0 0 X 0 0 X 0 0 0 0 0 0 0 0 0 0 0 0 0 0 0 0 0 0 0 0 0 0 0 0 0 0 0 0 X X 0 0 0 0 0 0 X X X 0 0 0 0 0 0 0 0 0 0 0 0 0 0 0 0 0 0 X 0 0 0 0 0 0 0 0 0 0 0 X 0 X 0 0 0 0 0 0 0 0 0 0 X 0 0 X 0 0 0 X 0 0 0 0 0 0 0 X 0 0 0 0 0 X X X 0 0 0 0 X X 0 X 0 X 0 0 X X 0 X 0 0 0 0 0 0 0 X 0 0 0 0 0 X 0 X X 0 0 X X X X 0 0 0 0 X 0 0 0 0 0 0 X 0 0 X X 0 0 0 0 0 X 0 0 0 0 0 X X
X 0 0 0 0 0 0 0 0 0 0 0 0 0 0 0 0 0 0 0 0 0 0 0 0 0 0 0 0 0 0 0 X X 0 0 0 0 0 X 0 0 0 0 0 0 0 0 0 0 0 0 0 0 0 0 0 0 0 0 0 0 X 0 0 X X 0 0 0 0 X 0 0 0 0 0 0 0 0 0 X 0 0 0 0 0 X 0 0 X X X 0 0 0 X 0 X X X 0 X 0 0 0 0 0 0 0 X X 0 X 0 0 0 X 0 0 X X X X 0 0 0 0 0 0 X 0 0 0 0 X 0 0 0 0 X 0 0 X 0 X 0 0 0 0 0 0 0 0 0 0 0 X 0 X 0 0 0 0 0 0 0 0 0 0 0 0 0 0 0 0 0 X 0 0 0 0 X 0 X 0 0 0 0 0 0 0 0 0 0 0 0 X 0 X
X 0 X 0 X X 0 0 X 0 X 0 X 0 0 X X X 0 0 0 X X 0 0 0 0 0 0 0 0 0 0 0 0 0 0 0 0 0 0 0 0 0 0 0 X 0 X 0 0 0 X 0 X 0 0 0 0 X 0 X 0 0 0 0 0 0 0 X 0 0 0 0 0 0 0 0 0 X 0 0 0 0 X 0 0 0 0 0 X X 0 X 0 0 0 X 0 X 0 X X X X 0 0 0 0 0 0 0 0 0 X X 0 0 0 0 0 0 0 X 0 0 0 0 0 0 0 0 0 0 X 0 0 X 0 0 0 0 X 0 X 0 0 0 0 0 0 0 0 X 0 X X 0 0 0 0 X 0 0 0 0 0 0 X 0 X 0 0 0 0 0 0 0 0 X 0 0 0 0 0 X 0 0 0 X X 0 0 0 0 0 0 0 0 X
X 0 0 0 0 0 0 X 0 0 0 0 0 0 0 0 0 0 X X X 0 X 0 0 0 0 0 0 0 X 0 0 X 0 X X 0 0 0 0 0 0 0 0 0 0 0 0 0 0 0 X 0 0 0 0 0 X 0 0 0 X 0 0 X 0 0 0 0 X 0 0 X 0 0 X 0 0 0 X 0 0 0 0 0 0 0 0 0 0 0 0 0 X 0 0 0 0 0 0 0 0 0 0 0 0 0 0 0 0 0 0 X 0 0 0 0 0 0 0 X 0 0 0 X 0 0 0 0 0 0 0 X 0 0 0 0 0 0 0 0 0 0 0 0 0 0 X 0 X 0 0 0 0 0 0 0 0 0 0 0 0 X 0 0 0 0 0 0 0 0 0 X X 0 0 0 0 0 0 X X X 0 0 0 0 0 X X 0 0 0 0 0 0 0 0 X
X 0 0 0 X 0 0 0 0 0 X 0 0 0 0 0 X 0 0 X 0 0 0 0 0 0 0 X 0 0 0 0 0 0 0 0 0 0 X 0 0 0 0 X 0 0 0 X 0 0 0 X X X X 0 0 X 0 0 0 0 0 0 0 0 0 0 0 0 0 X X 0 0 X X 0 0 0 0 0 X X 0 X 0 0 X 0 0 X 0 0 0 0 0 0 X X 0 0 0 X 0 0 0 0 X 0 X 0 0 0 0 0 0 0 0 0 X 0 X X X X 0 0 0 X 0 0 X 0 X X X 0 0 X 0 X X 0 0 0 0 0 0 0 0 0 0 0 X 0 0 0 0 0 0 0 0 0 0 X 0 0 X 0 0 X X 0 0 0 X 0 X 0 0 X 0 0 X 0 0 X 0 0 0 0 0 X 0 0 0 0 X X
X 0 0 0 0 0 0 0 0 X X X 0 X 0 X 0 0 0 0 0 X 0 X 0 0 X 0 0 0 0 0 X 0 0 0 0 0 0 0 0 0 0 0 0 0 0 X 0 0 0 0 0 0 X 0 X X X 0 0 0 0 0 0 0 X 0 0 X X 0 0 0 X 0 0 X X 0 0 X 0 X X 0 X X X 0 0 0 0 0 X X 0 0 X 0 0 0 X 0 0 0 0 X 0 0 X 0 0 0 X X X 0 0 0 0 0 X 0 0 0 0 0 0 X 0 0 0 X 0 0 0 X X 0 0 0 X 0 0 0 0 0 0 0 0 0 0 0 0 0 0 0 X 0 0 0 0 0 0 0 0 0 X X 0 X X 0 0 X 0 0 0 0 X 0 0 0 0 0 0 0 0 X 0 0 0 0 X X X 0 0 X
X 0 X 0 0 0 X X 0 0 0 0 X 0 X 0 X 0 0 X 0 0 X 0 0 X 0 0 0 0 0 X 0 0 0 0 0 0 X 0 0 0 0 0 0 0 0 0 0 0 X 0 0 X X 0 0 0 X 0 0 0 0 0 X 0 0 0 0 0 0 0 0 0 0 X 0 X 0 0 0 0 0 0 0 0 0 0 0 0 0 0 X X X 0 0 0 0 X 0 0 0 0 0 0 0 0 0 0 0 0 0 0 0 0 X 0 0 0 0 0 0 X 0 0 0 0 0 0 0 0 0 X 0 X 0 0 0 0 0 0 0 0 0 0 0 0 0 X 0 0 0 X 0 0 X 0 X 0 0 0 0 0 0 0 X 0 X 0 0 X 0 X 0 0 X 0 X X 0 0 X X 0 0 0 0 X 0 0 0 X X 0 0 0 X 0 X
X 0 0 0 X 0 0 0 0 0 0 0 0 0 0 0 0 0 0 0 0 X 0 0 0 0 0 0 X 0 0 0 0 X 0 0 0 0 0 0 0 0 0 0 0 0 0 0 0 0 0 0 0 X 0 0 X X 0 X X 0 0 X 0 0 0 0 0 0 0 X X 0 0 0 X 0 0 0 0 0 0 0 0 0 0 0 X 0 0 0 0 0 0 0 X 0 0 0 0 0 X 0 0 0 X 0 0 0 0 X 0 0 0 0 X X X 0 0 0 0 0 X 0 0 0 0 X 0 0 0 0 0 0 0 0 0 0 0 0 0 0 0 0 X 0 0 0 0 X 0 0 0 0 0 0 0 0 0 X X X 0 X 0 0 X 0 X X 0 0 0 0 0 0 0 X 0 0 0 0 0 0 0 0 0 0 0 0 0 0 0 0 0 0 0 X
X 0 X X 0 0 0 X 0 X 0 0 0 0 X 0 0 0 X X X 0 0 X 0 0 0 X 0 0 0 0 X 0 0 0 0 X 0 X X 0 0 0 X 0 0 0 0 0 0 X 0 0 0 0 0 X X 0 0 0 X 0 0 0 0 0 0 0 X 0 0 0 0 0 0 0 0 X 0 0 0 0 X 0 0 0 0 0 0 0 0 X 0 0 0 0 X 0 0 X X 0 0 X X 0 0 0 0 0 X 0 0 0 0 X 0 0 X 0 0 0 0 0 X 0 0 X 0 0 0 X 0 0 0 0 X X X X 0 0 0 0 X 0 0 X 0 0 0 X 0 0 0 X X 0 X 0 0 X 0 0 X 0 0 0 0 0 0 0 0 0 0 0 0 0 0 0 0 0 0 X 0 X 0 0 0 0 X 0 0 0 0 0 0 X
X 0 X 0 0 0 0 0 0 0 0 0 0 0 X 0 0 0 X X 0 0 X 0 0 0 0 0 0 0 0 0 0 0 0 0 0 0 0 X 0 0 0 X X 0 0 0 X 0 0 0 0 0 0 0 0 0 0 0 0 0 0 0 0 0 0 0 X X 0 X 0 0 0 0 0 X 0 0 X 0 0 0 0 0 X 0 0 0 0 0 0 0 0 0 0 X X X 0 0 0 0 0 0 0 0 X 0 0 X X X 0 0 0 X 0 0 0 X X X X 0 0 0 0 X 0 0 0 X 0 0 0 0 0 0 0 0 0 0 0 X 0 0 X X 0 0 0 0 0 0 0 0 0 0 0 0 0 X 0 0 0 0 X 0 0 0 0 0 X 0 0 0 0 X 0 0 0 X 0 0 0 0 X 0 0 0 0 0 0 0 0 0 0 X
X 0 0 X 0 X 0 0 0 0 X X 0 0 0 0 0 0 X 0 X 0 0 0 0 0 X 0 0 0 X 0 0 0 0 0 0 0 0 0 0 0 0 0 0 0 0 0 0 0 0 X 0 0 0 0 0 0 X 0 0 X X 0 0 0 0 0 X 0 0 X 0 X 0 0 0 0 0 0 0 0 0 0 0 0 0 X 0 0 X 0 0 0 0 X 0 0 0 0 0 0 0 0 0 X 0 0 0 0 0 0 0 0 0 X 0 X 0 0 0 X 0 0 0 0 0 0 0 0 0 0 X 0 X 0 X 0 0 0 0 0 0 0 0 0 0 X X 0 X 0 0 0 X 0 X 0 0 X 0 0 0 0 0 0 0 X X 0 0 0 X 0 0 0 0 0 0 0 0 0 0 0 X 0 0 0 0 0 X 0 0 0 X X 0 0 0 X
X 0 X 0 0 0 0 0 0 0 X X 0 0 0 0 0 0 0 0 X 0 0 0 0 X 0 0 X 0 0 0 0 0 0 0 0 X X 0 0 X 0 0 0 0 0 0 0 0 0 X 0 0 0 X 0 0 0 0 X 0 0 0 0 0 X 0 0 0 0 X 0 0 0 0 0 0 0 0 X 0 0 0 X 0 0 0 0 X 0 0 0 0 X 0 0 0 X 0 0 0 0 0 0 0 0 0 0 0 X 0 X 0 0 0 0 0 0 0 0 0 X 0 0 0 0 X 0 0 0 0 0 0 0 X X 0 X 0 0 0 0 X 0 0 0 0 0 X 0 X 0 0 X 0 0 0 0 0 0 0 X 0 0 X 0 0 0 X 0 0 0 0 0 X 0 0 0 X 0 0 0 0 0 0 0 0 0 0 0 0 X 0 0 0 X 0 0 X
X 0 X 0 0 0 0 X 0 0 0 0 0 0 X 0 0 0 0 0 0 0 0 0 0 0 0 0 0 0 0 0 0 0 X 0 0 X 0 X 0 X 0 0 0 0 0 X 0 0 0 0 X 0 0 0 0 0 0 0 0 0 0 0 0 0 0 0 0 0 0 X 0 0 0 0 0 0 0 X X 0 0 0 0 0 0 0 0 0 0 0 0 0 X 0 0 0 X 0 0 0 0 X 0 0 0 0 0 0 0 0 0 0 0 0 0 0 0 0 0 0 0 X 0 0 0 0 X 0 0 X 0 X 0 X 0 0 0 0 0 0 0 0 0 0 0 0 0 0 0 0 0 0 0 0 0 0 X 0 0 0 0 0 0 0 0 0 X 0 0 0 0 0 0 0 0 0 0 0 0 0 0 0 0 0 0 0 0 0 0 X 0 0 X 0 0 X X X
X 0 0 0 0 0 X 0 0 X 0 0 X 0 0 0 0 0 0 0 0 0 0 0 X 0 0 0 0 X 0 X X X 0 0 0 0 0 0 0 0 0 0 0 0 0 0 0 0 0 0 0 X 0 X 0 X X 0 0 0 0 0 0 0 0 0 0 X 0 0 0 0 0 X 0 0 X 0 0 0 0 0 0 0 0 0 X 0 0 0 0 0 0 X 0 0 0 X 0 X X 0 0 0 0 0 0 0 0 0 0 0 0 0 0 0 0 0 0 X 0 0 0 0 0 0 0 0 0 0 0 0 0 0 0 0 0 0 0 0 X 0 0 0 0 0 0 0 0 0 0 0 0 0 0 0 0 0 0 X X 0 0 0 0 0 X 0 0 X 0 0 0 0 0 X X 0 0 0 0 X X 0 0 X 0 0 X 0 0 0 0 0 X 0 0 X
X X 0 0 0 0 0 0 0 0 X 0 0 0 X 0 0 0 0 0 0 0 X 0 0 0 0 0 0 0 X 0 0 0 X 0 0 X 0 0 0 0 0 X 0 0 X X 0 0 0 0 0 0 0 X 0 0 X 0 0 X 0 0 0 X X X 0 X 0 0 0 0 0 0 0 0 X 0 0 0 X X 0 0 0 0 X 0 0 0 0 0 0 0 0 0 0 0 0 0 X X 0 X 0 0 0 0 X 0 0 0 X 0 0 0 0 X 0 0 0 X 0 0 0 0 0 0 X 0 0 0 0 0 0 0 0 0 0 0 0 0 X 0 0 0 0 0 X 0 0 0 X 0 X 0 0 0 0 0 X X 0 0 0 0 0 0 X 0 0 0 X X 0 0 0 X 0 0 0 X 0 0 0 0 0 0 X 0 0 0 0 X 0 0 0 X
X X 0 0 0 X X X 0 0 0 0 0 0 0 X 0 0 0 0 0 X 0 0 0 X 0 0 X 0 0 0 0 0 0 0 0 0 0 X X 0 0 0 0 X 0 0 0 0 0 0 0 0 0 0 0 0 X 0 X 0 0 0 0 0 0 X X X 0 0 0 0 0 0 0 X X 0 0 0 0 0 X 0 0 X 0 X 0 0 X 0 0 0 0 0 0 0 0 0 0 0 0 0 X 0 0 0 0 0 X 0 0 0 0 0 0 0 0 0 0 X X 0 X 0 0 0 0 0 0 0 0 0 0 0 X 0 0 X X X 0 0 0 0 X 0 0 X 0 X 0 0 X 0 0 0 X 0 0 0 0 0 0 0 0 0 0 0 0 X 0 0 X 0 0 0 0 0 0 X 0 0 0 X 0 0 0 0 X 0 0 0 0 0 0 X
X 0 0 X 0 0 0 0 0 0 X X 0 0 0 0 0 0 0 0 X 0 0 0 0 0 0 0 0 X 0 0 0 X 0 X 0 0 0 0 0 0 X 0 X 0 0 0 0 X 0 0 0 0 0 0 0 0 0 X 0 0 X X 0 0 0 0 0 0 0 0 0 0 0 0 X 0 0 X X 0 0 0 0 0 0 0 0 0 X 0 0 0 0 0 0 0 0 X 0 0 0 0 0 X 0 0 0 0 0 X 0 0 0 0 X 0 0 0 0 X 0 X 0 0 0 0 0 0 0 0 0 0 0 0 0 X 0 0 0 X 0 0 X 0 0 0 0 0 0 X X 0 0 0 0 X X 0 0 0 X X 0 X X 0 0 0 0 0 0 0 0 0 0 0 0 0 0 X 0 0 X 0 0 X 0 0 0 0 0 0 X 0 0 0 0 X
X 0 0 X 0 0 0 0 0 0 0 0 0 X 0 X X 0 0 0 0 0 0 0 X X 0 0 0 0 0 0 0 0 X 0 0 X 0 0 0 0 0 0 0 0 X 0 0 0 X 0 0 X 0 X 0 X 0 0 0 X X 0 0 0 0 X 0 X 0 0 0 0 0 X X 0 0 0 0 0 X 0 X 0 X 0 0 0 0 0 0 X 0 0 0 0 X 0 X 0 0 0 0 0 X 0 0 0 0 X 0 X 0 0 0 0 0 0 0 0 0 X X 0 X 0 0 0 0 0 X 0 0 0 0 0 0 0 0 0 0 0 X 0 0 X 0 0 X 0 0 X 0 0 X 0 0 X 0 X 0 0 0 X X X X 0 0 0 0 0 0 0 X 0 0 0 X 0 0 0 0 0 X 0 0 0 0 0 0 X 0 0 0 0 0 X
X 0 0 0 0 0 X 0 0 0 0 0 0 0 0 0 0 X 0 0 X 0 X 0 X 0 X 0 0 0 X 0 0 0 0 0 0 0 0 0 X X 0 0 0 X 0 X 0 0 X 0 0 0 0 0 0 X 0 X 0 0 X 0 0 X 0 0 X 0 0 0 0 0 0 X 0 X X X 0 0 0 0 0 X X 0 0 X 0 X 0 0 0 0 0 0 0 0 X X 0 0 0 0 0 0 X 0 X 0 0 0 0 0 0 0 0 X 0 0 0 0 0 0 X 0 0 0 0 0 0 0 0 0 0 X 0 0 0 0 X 0 0 0 0 0 X 0 0 0 0 0 X 0 0 0 0 0 0 X X X 0 X 0 0 0 0 0 0 0 0 0 0 0 0 0 0 0 0 0 0 0 0 X 0 0 0 0 0 X 0 X 0 0 0 X X
X 0 0 0 0 0 0 0 0 0 0 X 0 0 0 X 0 0 X 0 0 0 0 0 X X 0 0 0 0 0 0 0 X 0 0 X X 0 0 X 0 X 0 0 0 0 0 0 0 0 0 0 0 X 0 0 0 X 0 0 0 0 0 0 0 0 0 X 0 0 0 0 0 0 0 0 0 0 0 0 0 0 0 0 0 X X 0 X 0 0 0 0 0 X X X 0 0 0 0 0 0 0 0 0 0 0 0 X 0 0 X 0 0 X 0 0 0 0 0 0 X 0 0 0 0 0 0 X 0 X 0 0 0 0 0 0 X 0 0 0 X 0 0 0 0 0 0 0 0 X X 0 0 0 X 0 0 0 0 0 X 0 0 0 X 0 0 0 X 0 0 0 0 0 X 0 X 0 0 0 0 0 0 0 X 0 0 X 0 X 0 0 0 X 0 0 X
X 0 0 0 X 0 X 0 X 0 0 0 0 0 0 0 0 0 0 0 0 X X 0 0 0 0 X 0 0 0 0 0 0 X 0 0 0 0 X X X X 0 0 X X 0 0 0 0 0 X 0 X X X X X 0 X 0 0 0 0 0 0 X 0 0 X 0 0 0 0 0 X 0 0 0 0 X 0 0 0 0 X 0 X 0 0 0 0 0 X 0 X 0 X 0 X X 0 0 0 0 0 X 0 X X X 0 0 0 0 0 0 X 0 X 0 0 0 0 0 X 0 0 0 0 0 0 0 0 0 0 0 0 0 0 0 0 0 0 0 0 0 0 X 0 0 0 0 0 0 X 0 0 0 0 0 0 0 0 0 X X X 0 0 0 X 0 X X 0 0 0 0 0 0 0 0 0 0 X 0 0 0 X 0 0 0 0 0 0 0 0 X
X X X 0 0 X 0 0 0 0 X X 0 0 0 0 0 0 0 0 0 0 0 0 0 0 0 X 0 X X 0 X 0 0 X 0 0 0 0 0 0 0 0 0 0 0 X 0 X 0 X 0 0 0 0 X 0 0 0 0 0 0 0 X 0 X X X 0 0 X 0 0 X 0 0 0 X 0 0 0 0 0 0 X 0 0 0 X 0 0 0 0 0 X X 0 0 0 X X 0 0 0 0 X 0 X 0 0 0 0 0 0 0 X X 0 0 X 0 0 0 X 0 0 0 0 0 0 0 0 0 X 0 0 0 0 0 0 X 0 0 0 X 0 0 0 0 X 0 0 0 0 0 0 0 0 X 0 0 0 X 0 0 X X 0 0 0 0 0 0 0 0 0 X X 0 X 0 0 X 0 0 0 0 0 0 0 X 0 0 0 0 X 0 0 X
X 0 0 0 0 0 0 0 0 X 0 X 0 0 0 0 0 0 0 X 0 0 X 0 X 0 0 X X X 0 0 0 0 0 0 0 0 X 0 0 0 0 X 0 0 0 X X 0 0 X 0 0 0 0 0 0 0 0 0 0 0 X 0 0 X X X 0 0 0 0 X 0 0 0 0 0 0 X 0 X 0 0 0 0 0 X X 0 X 0 0 0 0 0 0 0 0 0 0 0 0 X 0 X X X 0 0 0 0 X 0 0 X 0 X 0 0 0 0 0 0 0 0 0 0 X 0 0 0 0 X 0 0 0 0 0 0 0 0 0 0 0 0 0 X 0 0 0 0 0 X 0 0 0 0 0 0 0 0 0 0 0 0 X X 0 0 0 0 0 0 X 0 0 0 0 0 0 0 0 X X X 0 0 X X 0 0 0 X X 0 0 0 X
X 0 0 X 0 0 0 0 0 0 X 0 0 0 0 X 0 0 0 0 X 0 0 0 0 0 0 X 0 0 0 X 0 0 0 0 0 0 0 0 X 0 0 0 X 0 0 X 0 0 0 X X 0 0 0 0 0 0 0 0 0 0 0 X X 0 0 0 0 X 0 0 X 0 0 X 0 0 X 0 0 X 0 0 0 X 0 0 0 0 0 X 0 0 0 0 0 0 0 0 X 0 0 0 X 0 X 0 0 X 0 0 0 X X 0 0 0 0 0 0 0 0 0 0 X 0 0 X 0 0 X X X X 0 X 0 0 0 0 0 X 0 0 0 0 0 0 X X 0 0 0 X 0 0 X 0 0 X 0 0 0 0 0 X 0 X 0 0 0 0 X X X 0 0 X 0 0 X X 0 0 X 0 0 0 0 X X 0 0 0 0 0 0 X
X 0 0 0 0 0 0 0 0 0 0 X 0 0 0 0 0 0 X 0 0 0 X 0 0 0 0 0 X 0 0 X 0 0 X 0 0 0 0 0 0 0 0 0 0 0 0 0 0 0 0 X 0 0 0 0 X 0 0 0 X 0 X X X 0 0 0 0 0 0 X X X 0 0 0 0 X 0 0 X X X 0 0 0 0 0 X 0 0 0 0 0 0 0 0 0 0 0 X X 0 0 X 0 0 0 0 0 0 0 0 0 0 X 0 0 0 0 X 0 0 0 0 0 0 X 0 0 0 0 0 0 0 0 0 0 0 X 0 0 0 0 0 0 0 X 0 0 0 0 0 0 0 X X 0 0 0 0 0 0 0 X 0 0 0 X 0 0 0 0 0 0 0 X X 0 0 0 0 X 0 0 0 0 0 0 X X 0 0 0 0 X 0 0 X
X 0 0 0 X 0 X 0 0 0 X 0 0 X 0 0 0 0 0 0 0 0 0 0 0 0 X 0 X X 0 0 0 0 0 X X 0 0 0 0 0 0 0 0 0 0 0 0 0 0 0 0 X 0 0 0 0 X 0 0 0 0 X 0 X 0 0 0 X 0 0 X 0 0 0 X 0 0 0 0 0 0 0 X 0 0 0 X 0 X 0 0 0 0 0 0 0 0 0 0 X 0 0 0 0 0 0 X 0 X X 0 0 0 0 0 0 0 0 X 0 0 X 0 0 0 0 X 0 X 0 0 0 X 0 0 0 0 0 0 X 0 X X 0 0 0 X 0 0 0 0 0 X 0 0 0 X 0 X 0 0 X 0 0 0 X 0 X 0 0 0 0 X 0 0 0 0 X 0 0 0 X 0 0 0 0 X X 0 0 X 0 0 0 0 0 0 X
X 0 0 0 0 0 0 0 0 0 0 0 0 0 X 0 0 0 0 0 0 0 X 0 0 0 0 0 0 0 0 0 0 0 0 0 X 0 0 0 0 0 0 0 0 X 0 0 0 0 X 0 0 X 0 0 0 0 0 0 0 0 0 0 0 0 0 0 0 0 0 0 0 X 0 0 0 0 0 0 X 0 0 0 0 X 0 X X 0 0 0 0 0 0 X 0 0 0 0 0 0 0 0 0 0 0 0 0 0 0 0 0 X 0 X X 0 0 0 0 0 0 0 0 0 X 0 0 X 0 0 0 0 X 0 0 X 0 0 0 0 0 X 0 0 0 0 0 0 0 0 0 X 0 X 0 0 0 0 0 0 0 0 0 0 X X 0 0 0 0 0 0 0 0 0 0 0 X X X 0 0 X 0 0 X 0 X 0 0 0 0 0 0 X 0 0 X
X X 0 0 0 0 0 X 0 0 0 0 0 0 0 0 0 X 0 0 0 X 0 0 0 X 0 0 0 0 0 X 0 0 X 0 0 0 0 0 0 0 0 0 0 0 0 0 0 X 0 0 0 0 0 0 X 0 0 0 0 0 X 0 0 0 0 0 0 X X 0 0 X 0 0 0 0 0 0 0 0 0 0 0 0 0 0 0 0 0 X X 0 X 0 0 0 0 0 0 0 0 0 X 0 0 0 0 0 0 0 X 0 X 0 0 0 0 0 0 0 0 0 X 0 0 0 X 0 X 0 0 0 0 0 0 0 0 0 0 0 0 0 0 0 X 0 0 X 0 0 0 0 0 X 0 X X 0 X 0 X 0 0 0 0 0 0 0 0 0 0 0 0 0 0 0 0 0 0 0 0 0 0 0 0 0 0 0 0 0 0 X 0 0 0 0 0 X
X 0 X 0 0 0 0 0 0 0 0 X 0 0 0 0 0 X X 0 X 0 0 0 0 0 0 0 0 X 0 0 0 0 0 0 X 0 0 0 0 0 0 0 0 0 X X 0 0 0 0 0 0 X X 0 0 X 0 0 0 0 0 0 0 0 0 0 0 0 0 0 0 0 0 0 0 0 0 0 0 0 0 X X 0 X 0 0 0 X 0 0 0 X 0 X X 0 X 0 0 0 0 X 0 0 0 0 0 X 0 0 X X 0 0 0 0 0 0 X 0 0 0 0 0 0 0 0 X 0 0 0 0 0 0 0 0 X 0 0 0 X 0 0 0 0 X 0 0 0 0 0 0 0 X 0 0 X X 0 0 0 0 0 0 0 0 0 0 0 0 X X 0 0 0 0 0 X 0 0 0 0 0 0 0 0 0 X 0 0 0 0 0 0 X X
X 0 0 0 X X X X X 0 0 0 0 0 0 0 X 0 0 0 0 0 0 0 0 X 0 0 0 0 0 X 0 0 0 0 0 X X 0 X 0 0 0 0 X 0 0 0 0 0 0 0 0 X 0 0 X 0 0 0 0 0 0 0 0 0 0 0 0 X 0 0 0 X 0 0 X 0 0 0 0 0 0 0 0 0 X 0 0 0 0 0 0 X X X 0 0 0 X 0 0 X 0 0 X 0 0 0 0 0 0 0 0 0 0 0 0 0 0 0 0 X 0 0 0 0 0 X 0 0 X 0 X 0 0 X X X X 0 0 0 X X 0 0 0 X 0 0 0 0 0 0 0 0 X 0 X 0 0 0 X 0 0 0 0 0 X X 0 0 0 X X X 0 0 X 0 0 0 0 0 X 0 0 0 0 0 0 0 0 0 0 0 X X
X 0 0 0 X 0 0 0 0 X 0 0 0 X 0 0 0 0 0 0 0 X 0 0 0 0 0 X 0 0 0 0 0 0 X 0 0 0 0 0 0 X 0 0 X 0 X 0 0 0 X 0 0 0 0 0 0 0 0 0 0 0 0 0 0 0 0 0 0 0 0 X 0 X 0 0 0 0 0 0 0 X 0 0 X 0 0 0 0 0 X X 0 X X 0 X 0 0 0 X 0 X 0 0 0 X 0 0 0 0 X 0 0 0 0 0 0 0 0 0 0 X 0 0 0 0 X 0 0 X 0 X 0 0 0 0 0 X 0 0 0 0 0 0 X 0 0 0 0 0 0 0 0 0 0 X X X 0 X X X 0 0 0 0 0 0 0 0 0 0 0 0 0 0 0 X 0 0 0 0 X 0 0 0 X 0 X X 0 0 0 X X 0 0 0 X
X 0 0 0 0 0 0 0 0 0 X X 0 0 0 0 0 0 0 X 0 X 0 X 0 0 0 0 0 0 0 0 X 0 0 0 X 0 0 0 0 0 0 0 0 0 X X X 0 X X 0 0 0 X 0 0 0 0 0 0 0 0 0 X 0 0 X 0 0 0 X 0 0 0 X 0 0 0 0 0 0 0 0 0 X 0 0 0 0 X 0 X 0 0 0 0 0 0 0 0 X 0 0 0 0 0 0 0 0 0 0 0 0 0 0 0 0 0 0 X 0 0 X 0 X 0 0 0 X 0 0 0 0 0 X 0 0 0 0 0 0 X 0 0 X 0 0 0 0 0 0 X 0 0 0 0 0 0 0 0 0 0 0 X X 0 0 0 0 0 0 0 0 0 0 0 0 0 X 0 0 0 0 0 0 0 0 0 X 0 0 0 X X 0 0 0 X
X X X 0 0 X 0 X 0 X 0 0 0 0 0 0 0 0 0 0 0 0 X X X 0 X 0 0 0 0 0 0 0 0 0 0 0 X 0 0 X 0 0 0 0 0 0 0 X 0 0 0 0 0 0 0 0 0 0 0 0 0 0 0 0 0 X 0 0 X 0 0 0 X X 0 X 0 0 X 0 X 0 0 0 0 X 0 0 0 0 0 0 X 0 0 0 0 0 X 0 0 0 0 0 0 X X 0 X 0 0 0 0 0 0 0 0 0 0 0 X 0 0 0 0 X 0 0 0 0 X 0 0 0 0 0 0 0 0 0 0 0 0 0 0 0 0 0 0 0 0 0 0 0 X 0 0 X 0 0 X 0 0 X 0 0 0 0 0 0 0 0 0 0 0 X 0 0 0 X 0 X X 0 0 X 0 0 0 0 0 X 0 X 0 0 0 X
X 0 0 0 X 0 0 0 0 0 0 0 0 X 0 0 X 0 X 0 0 X X 0 0 0 0 0 X X 0 0 0 0 0 0 X 0 0 0 X 0 0 0 0 0 0 X 0 0 X X 0 0 X 0 0 0 0 0 X 0 0 0 0 0 0 0 X 0 0 0 0 0 0 0 0 0 0 X 0 0 0 0 0 0 0 0 0 0 0 X 0 0 X 0 0 0 0 X X 0 X 0 0 0 0 0 0 X X 0 0 X 0 0 X 0 0 0 X 0 0 0 0 0 0 0 X 0 0 X X 0 X 0 0 0 0 0 0 0 X X 0 0 0 0 0 0 0 0 0 0 X 0 X 0 0 0 0 X 0 0 0 0 0 0 0 0 0 0 X X X 0 X 0 0 0 0 X 0 0 0 0 0 0 0 0 0 X 0 0 0 0 0 0 0 X
X 0 0 0 0 0 0 0 X 0 0 X X 0 0 0 0 0 X 0 0 0 0 0 0 0 0 0 0 0 0 0 0 0 0 0 X 0 0 0 0 0 0 0 0 0 0 0 0 0 0 0 0 0 0 0 0 X 0 0 X 0 X 0 0 0 0 0 0 X X 0 0 0 X 0 X X 0 0 X 0 0 0 X 0 0 0 X 0 0 0 0 0 0 0 0 0 0 X 0 0 0 0 X 0 0 0 0 0 X X 0 0 X 0 X 0 0 0 0 0 0 0 X 0 X 0 0 0 0 0 0 0 X X X 0 0 X 0 0 X 0 0 X 0 0 X X 0 0 0 0 0 0 0 0 X X 0 0 0 0 X 0 0 X 0 0 0 X 0 0 0 X 0 0 0 0 0 X 0 0 X 0 X 0 0 0 0 0 0 X 0 X 0 X 0 X
X 0 0 X 0 0 0 0 0 0 0 0 X X 0 X 0 0 0 0 0 0 0 0 X X 0 0 0 0 0 0 0 X 0 0 0 0 X 0 0 0 0 X 0 0 0 0 X 0 X 0 0 0 0 X 0 0 0 0 0 0 X 0 0 0 0 0 0 0 0 0 X 0 X 0 0 0 0 0 X X X 0 0 0 0 0 0 0 X 0 0 X 0 X 0 0 0 X X 0 0 0 0 0 0 0 0 0 0 X 0 0 0 X 0 X 0 0 0 X 0 X X 0 0 0 X 0 0 0 0 0 0 X 0 0 0 0 0 0 X X X 0 0 0 0 0 X 0 0 0 X X 0 0 X 0 0 0 0 X 0 0 0 0 X 0 0 0 0 0 0 0 X 0 0 0 X 0 0 0 0 0 0 0 0 0 0 0 0 0 0 0 0 0 0 X
X 0 X X 0 0 0 X 0 0 0 X 0 0 0 0 0 0 X 0 0 0 0 0 0 0 0 X 0 0 X 0 X 0 0 0 0 0 0 0 X 0 X X X 0 0 0 0 0 0 0 X X 0 0 0 0 0 0 X X X X 0 0 X 0 0 0 0 0 X X 0 0 0 0 0 0 0 X X X 0 0 0 0 X 0 X 0 0 0 0 X X 0 0 0 0 0 0 0 0 0 0 0 X 0 0 0 0 X X 0 0 X 0 0 0 0 0 X 0 0 0 0 0 0 0 X 0 0 0 0 0 0 0 0 0 0 0 0 0 X X X 0 X 0 X 0 0 0 0 0 0 X 0 0 X 0 0 0 0 0 0 0 0 0 0 0 0 0 X X 0 X X 0 0 0 0 0 0 X 0 0 0 0 0 0 0 0 0 0 X 0 X
X X 0 X 0 0 0 X 0 0 0 X X 0 0 0 0 0 0 0 X 0 0 X 0 X X 0 0 X X 0 0 0 X 0 0 0 X 0 0 0 X 0 0 0 0 0 X 0 0 0 X X 0 0 0 0 0 0 0 0 0 0 X 0 X X 0 0 0 0 X 0 0 0 X X X 0 X 0 0 0 0 X X 0 0 0 0 0 0 0 0 0 0 0 0 X X 0 0 0 0 0 X 0 0 0 0 X X 0 0 0 X 0 0 X 0 X 0 X X 0 0 0 0 0 0 0 X 0 0 0 X X 0 0 0 0 0 0 0 0 0 X 0 0 0 0 0 0 0 0 0 X 0 0 X X 0 0 0 0 0 0 0 X X 0 X 0 0 0 0 0 0 0 0 0 0 0 0 0 0 0 0 0 0 0 0 0 0 X 0 0 X X
X 0 0 0 0 0 0 0 0 0 X 0 0 0 0 0 0 X 0 0 0 0 0 0 0 X X X 0 0 0 0 X 0 0 0 0 X 0 0 0 0 0 0 0 0 0 0 X X X X 0 0 0 0 0 0 0 0 0 X 0 X X 0 0 0 0 X X 0 0 0 0 X 0 0 0 0 0 0 0 0 0 0 X 0 0 0 0 X 0 0 0 0 0 X X 0 0 0 0 0 0 X 0 0 0 0 0 0 0 0 0 0 0 0 0 X 0 0 0 0 0 0 0 X 0 0 0 X X X 0 0 X 0 0 0 X 0 0 0 0 0 X 0 0 0 0 0 0 0 0 0 0 0 X 0 0 0 X 0 0 0 0 0 X X 0 0 X 0 0 0 0 0 0 0 X 0 0 0 0 0 X 0 0 0 X 0 X 0 0 0 X 0 X X
X 0 0 0 X 0 X X 0 0 X 0 0 X 0 0 0 0 X 0 0 0 0 0 0 X 0 0 0 0 0 0 0 0 0 X 0 0 0 0 0 0 0 X 0 0 0 0 X 0 0 0 0 0 X X X 0 0 X 0 0 X 0 0 0 0 0 0 0 0 0 0 0 X 0 0 0 0 0 0 0 X 0 0 0 0 X X 0 X 0 0 0 0 0 0 0 0 0 0 0 0 0 0 0 0 0 0 0 0 0 0 0 0 0 0 0 0 0 0 X 0 0 0 0 0 0 0 0 0 0 X 0 X 0 0 0 0 0 0 0 0 0 0 0 0 0 X 0 X X 0 0 0 0 0 0 0 X 0 0 0 0 0 X 0 X 0 0 X 0 0 0 0 0 0 0 X 0 0 X 0 0 0 0 X 0 0 X 0 0 0 0 0 0 0 0 0 X
X X X X 0 0 0 0 X 0 0 0 0 X 0 0 0 X X X 0 X X X 0 X 0 0 0 0 0 0 0 0 0 0 0 0 0 0 X X 0 0 X X 0 0 0 0 0 0 0 0 0 0 0 0 0 0 0 0 X 0 0 0 0 0 X 0 X X 0 0 X 0 0 0 0 0 X X 0 0 0 X 0 X 0 X X 0 0 X 0 X 0 X 0 0 0 0 0 0 0 X X 0 0 0 0 0 X 0 0 0 0 X X X 0 0 0 0 X 0 X 0 0 X X X 0 0 X 0 0 0 X 0 0 0 0 0 0 0 0 0 0 X X X 0 0 0 0 X X 0 X 0 X 0 X 0 0 0 X 0 0 0 0 X 0 0 X 0 0 0 0 X 0 0 0 0 0 0 0 0 0 0 0 X 0 0 0 0 0 0 X
X 0 0 0 0 0 X 0 0 0 0 X 0 0 0 0 0 0 0 0 0 0 0 0 0 0 0 0 0 0 X 0 0 0 X X X 0 0 0 0 0 0 0 0 0 0 0 0 X 0 0 0 0 0 X 0 0 0 0 0 0 0 0 0 0 0 X 0 0 0 0 0 0 X 0 0 X 0 0 X X 0 0 X 0 X 0 0 X 0 X X 0 0 0 X 0 X 0 0 0 0 X 0 0 0 0 X 0 0 0 0 0 0 0 0 0 0 X X X X 0 0 X 0 X 0 0 0 0 0 0 0 X 0 0 0 0 X X X 0 0 0 0 0 X 0 0 0 0 0 0 0 X 0 0 0 0 0 0 0 0 0 0 0 0 0 0 0 0 0 0 0 0 0 0 0 0 X X 0 0 0 X X 0 0 0 0 X 0 X 0 0 0 0 X
X X 0 0 X 0 X X 0 0 0 0 0 0 0 0 0 0 0 0 0 0 0 0 0 0 0 X 0 0 0 0 0 0 0 0 0 X 0 0 0 0 0 X X X 0 0 0 0 0 X 0 0 X X 0 0 0 0 0 0 0 0 0 0 0 0 X X 0 0 X 0 X 0 0 0 0 0 0 0 0 0 0 0 0 0 0 0 0 0 0 0 0 0 0 0 0 0 0 0 0 0 0 X 0 0 0 X 0 0 0 0 0 0 X 0 0 0 0 0 0 0 0 0 0 0 0 0 0 0 0 0 0 0 0 0 0 0 0 0 X 0 X 0 X 0 0 0 0 0 X 0 0 X 0 0 0 X 0 0 X 0 X 0 0 0 0 0 0 0 0 0 0 X X X 0 0 0 0 0 0 0 0 0 0 0 0 0 0 X 0 0 X X 0 0 X
X 0 0 0 0 X 0 0 0 0 0 X X 0 X 0 0 0 X 0 0 0 0 0 0 0 X 0 0 X 0 0 0 0 0 0 0 0 0 0 0 0 0 0 0 0 X 0 0 0 X 0 0 X 0 0 0 X 0 X 0 0 X 0 0 0 0 0 0 0 0 0 0 X 0 0 0 0 0 0 0 X 0 0 0 0 X 0 0 0 0 X 0 0 0 0 X 0 0 0 0 X 0 0 0 0 0 0 0 0 0 0 0 0 0 0 0 0 0 X 0 0 0 0 0 0 0 0 0 X X 0 0 0 0 X 0 0 X 0 0 0 0 0 0 0 0 X X 0 0 0 0 0 0 X 0 0 0 0 0 0 0 0 0 X X 0 0 0 0 0 0 X 0 0 0 X 0 X 0 0 0 0 0 0 X 0 0 0 0 0 0 0 0 0 0 0 0 X
X 0 0 0 0 0 X 0 X 0 X 0 X 0 X 0 0 0 0 0 0 0 X X 0 0 X 0 X X 0 0 0 0 0 0 X 0 0 X 0 0 X 0 0 X 0 0 X 0 0 0 0 X X X X 0 X 0 0 0 0 X 0 0 X 0 X X 0 0 0 0 X 0 0 0 0 0 0 0 0 X X 0 0 0 0 0 0 X 0 0 0 0 0 X 0 0 0 0 0 0 0 X X 0 0 0 0 0 0 0 X 0 0 0 0 X 0 0 0 0 0 0 0 0 0 0 0 0 0 0 0 0 0 0 0 0 0 0 0 X X 0 0 0 0 0 X 0 0 0 0 0 0 0 X 0 0 0 0 X 0 0 X 0 0 0 0 0 0 0 0 0 0 X X X 0 0 X 0 0 0 0 X 0 0 0 0 X 0 0 0 0 0 0 X
X 0 X 0 X 0 0 0 X X 0 0 X 0 0 0 0 X X 0 0 0 0 0 X 0 0 0 X X 0 0 0 X X X X 0 0 0 0 0 0 0 0 0 0 0 X X 0 0 0 0 0 0 0 X 0 X 0 X X 0 0 0 0 0 0 0 0 0 0 0 0 0 0 0 0 0 X 0 0 0 0 0 X 0 X 0 0 X 0 0 0 0 X 0 X 0 0 0 0 0 0 0 X 0 0 0 0 0 0 X 0 X X 0 X 0 0 0 0 0 0 0 0 0 0 X 0 X 0 0 0 X X 0 X 0 0 X 0 0 0 0 0 0 0 0 0 X 0 0 0 0 0 0 X X 0 X 0 X 0 0 0 0 0 0 0 X 0 0 0 0 0 0 0 X 0 0 0 0 X 0 X 0 0 X 0 X 0 0 0 0 0 0 0 X
X 0 X 0 0 0 X 0 0 0 0 0 0 0 0 X 0 0 X X X 0 0 X 0 0 0 0 0 0 0 0 X 0 0 X 0 0 X 0 0 X 0 X 0 X 0 0 0 0 X 0 0 0 0 0 0 X 0 0 0 0 0 0 0 0 X 0 0 0 0 0 0 0 X 0 X 0 0 0 0 X 0 0 X 0 0 0 0 0 X 0 0 X 0 0 0 0 0 0 0 X 0 0 0 0 0 0 0 X 0 0 0 0 0 0 0 X X 0 0 X 0 0 0 0 0 0 0 0 X X 0 0 X 0 0 0 0 0 0 X X 0 0 0 X 0 0 0 X X 0 0 X X 0 X X 0 0 X 0 0 0 0 X 0 0 X 0 X X 0 0 0 0 0 0 0 0 0 0 0 0 0 X 0 X 0 0 0 0 0 0 X 0 0 0 X
X 0 0 0 X X 0 X 0 0 0 0 X X 0 0 0 X X 0 0 X 0 0 0 0 X 0 X 0 0 0 0 0 0 X 0 0 0 X 0 0 X 0 0 0 0 X X 0 0 0 X 0 0 0 0 0 0 X 0 0 0 0 0 0 0 X 0 0 0 0 0 X 0 0 0 0 X X X 0 0 0 0 0 0 0 0 0 0 0 0 0 0 0 0 0 X 0 0 0 0 X X 0 0 X 0 0 0 0 0 0 0 0 0 X X 0 0 X X 0 X 0 0 X 0 0 X 0 X X 0 0 0 0 0 0 X 0 0 0 X X 0 0 0 0 0 0 X X 0 0 0 0 0 0 X 0 0 0 0 0 0 0 0 0 X 0 0 0 0 0 0 0 0 0 0 X X 0 0 X 0 0 0 0 X 0 0 0 X X 0 0 0 X
X 0 0 0 0 0 X 0 X 0 X 0 X 0 X 0 X 0 0 X 0 0 0 0 0 0 0 0 0 0 0 0 0 0 0 0 0 0 0 X 0 0 X X 0 0 X 0 0 0 0 0 0 0 X 0 0 0 0 0 0 0 0 0 0 X X X 0 0 0 0 0 0 0 0 0 0 X 0 0 0 X 0 0 0 X X 0 0 0 0 0 0 0 0 0 0 0 0 0 0 0 0 X 0 0 0 0 0 0 0 X 0 0 0 0 0 0 X 0 0 0 0 0 0 0 0 0 0 0 0 0 0 0 X X 0 0 0 0 0 0 X 0 0 0 0 0 0 0 X 0 0 0 0 0 0 0 0 0 0 X 0 0 X 0 0 0 0 0 0 0 0 0 0 0 X X 0 0 0 0 0 0 0 0 0 0 0 0 0 0 X X X 0 0 X X
X 0 X 0 0 0 0 0 0 X 0 0 0 X 0 0 0 0 X 0 X 0 X 0 X X X 0 0 0 0 X 0 X 0 0 0 0 0 0 0 0 0 0 0 0 X 0 X 0 0 X 0 0 0 X 0 X X 0 X 0 0 X 0 0 0 0 0 0 X X X 0 X 0 0 X 0 X X 0 X 0 0 0 0 X 0 0 0 0 0 0 0 0 X 0 0 0 0 0 0 0 0 0 X X X 0 0 0 0 X X 0 0 0 0 0 0 0 0 0 0 0 0 0 0 0 0 X 0 0 X X 0 0 0 0 0 X 0 0 0 X 0 0 0 0 0 0 0 0 0 0 X 0 0 0 0 0 0 X 0 X 0 0 X 0 0 0 0 0 0 0 0 X X 0 0 X 0 0 X 0 0 0 0 0 0 0 0 0 0 0 0 0 0 X
X 0 0 0 0 0 X 0 0 0 0 0 0 0 0 0 0 X X 0 0 0 0 0 0 0 0 0 X X 0 0 0 0 0 0 0 X 0 0 0 X 0 X X 0 0 0 X 0 X 0 0 X 0 X X 0 0 0 0 0 0 0 0 0 0 0 0 0 X 0 0 0 0 0 0 0 0 0 0 X 0 0 X 0 0 X 0 0 0 0 0 0 X 0 0 0 0 0 0 X X 0 0 0 X 0 0 0 0 0 0 0 0 0 0 0 0 X 0 X 0 0 X X 0 X 0 0 0 0 X 0 0 0 0 X 0 X 0 X 0 0 0 X X 0 0 0 0 0 0 0 0 0 X X 0 0 0 0 0 0 0 0 0 0 0 0 0 0 0 0 0 X 0 0 0 0 0 0 0 0 0 0 X 0 0 0 0 0 0 0 0 0 0 0 0 X
X 0 X 0 0 0 X 0 0 X 0 X 0 0 0 0 X 0 0 0 0 0 0 0 0 0 0 0 0 0 0 0 0 0 X 0 0 0 0 X 0 X 0 0 0 X 0 0 X 0 0 0 X 0 0 X 0 X 0 0 0 0 0 0 X X 0 0 X 0 0 0 0 X 0 0 0 0 0 0 0 0 0 0 X 0 0 X 0 0 0 X X 0 0 0 0 0 0 0 X 0 0 0 0 0 0 0 X 0 0 0 X 0 0 0 0 0 0 0 0 X 0 X 0 0 0 X 0 0 0 X 0 X 0 0 0 0 0 0 X 0 0 0 0 X 0 X 0 0 X 0 0 X 0 X 0 0 0 0 0 0 0 0 0 0 0 0 0 0 0 0 0 0 0 0 X X 0 X 0 X 0 0 0 0 0 0 X 0 0 X 0 0 0 0 0 0 0 X
X 0 0 X X 0 0 X 0 0 0 0 0 0 0 0 0 0 0 0 0 0 0 0 0 0 0 0 X 0 0 X X X 0 0 0 X 0 X 0 0 0 X 0 0 0 0 0 0 0 0 0 X 0 0 0 0 0 0 0 X 0 X 0 0 0 X 0 0 0 0 0 0 0 X 0 0 0 0 0 X 0 0 0 0 0 0 X 0 0 X X 0 X 0 0 0 0 0 0 0 0 0 0 0 X 0 X 0 0 0 0 0 0 0 0 0 0 0 0 0 0 0 0 0 X X 0 X 0 0 0 0 X 0 X 0 0 0 0 0 0 0 0 0 0 0 0 0 0 0 0 0 0 X 0 0 X 0 X 0 0 0 0 0 0 0 0 0 X 0 0 X 0 0 X 0 X 0 0 0 0 0 0 0 0 X X 0 X 0 0 X 0 X 0 0 0 X
X 0 0 0 0 0 0 0 0 0 0 0 0 X 0 0 0 X 0 0 0 0 0 0 0 X 0 0 X X 0 0 0 0 X 0 0 0 0 0 0 0 0 0 0 0 0 0 0 0 0 X X 0 0 X X 0 0 0 0 0 0 0 0 0 0 0 0 0 0 0 X 0 0 0 0 0 0 0 0 0 X 0 0 0 0 0 0 0 0 X 0 X 0 X 0 0 0 0 0 0 0 0 0 0 0 0 0 0 0 X 0 0 0 0 0 0 0 0 0 0 X X X 0 0 0 0 X 0 0 0 0 X 0 0 0 X 0 0 0 X X 0 0 0 0 0 0 0 0 X 0 0 0 0 0 0 0 0 0 0 X 0 0 0 0 X X 0 0 0 0 0 0 0 0 0 0 X 0 0 0 0 0 0 X X 0 0 0 0 X 0 X 0 0 X X
X 0 0 0 0 0 0 X 0 X 0 0 0 0 0 0 0 0 X 0 0 0 0 0 0 0 X 0 0 0 0 X 0 0 0 X 0 0 0 0 0 X 0 0 0 0 0 X 0 0 0 0 0 0 X 0 X 0 0 0 X 0 X 0 0 0 0 0 0 0 0 X 0 0 0 0 X 0 0 0 0 0 0 X 0 0 X 0 0 0 0 0 X X 0 X 0 0 0 0 0 0 X 0 0 0 0 0 0 0 0 0 0 0 0 0 0 0 0 0 X 0 X 0 0 X X 0 0 X X 0 0 0 X 0 0 0 X 0 0 0 0 0 0 0 0 0 X 0 0 0 0 0 0 0 0 0 0 0 0 X 0 0 0 0 0 0 X X X 0 X 0 0 0 0 0 0 0 0 0 0 0 0 0 X 0 0 0 0 0 0 0 0 X 0 0 0 X
X X 0 X 0 0 0 0 0 0 0 0 0 0 0 0 0 X 0 0 X 0 0 0 0 0 X 0 0 0 0 0 X 0 0 0 0 0 0 0 0 0 0 0 0 0 0 0 0 0 0 0 0 0 0 0 0 X 0 0 0 0 0 0 0 0 0 X 0 0 0 0 0 0 X 0 0 0 X 0 0 X 0 0 0 0 0 0 0 0 0 X X X X 0 X 0 0 X X 0 0 0 0 0 0 0 0 0 0 0 X 0 0 0 0 0 X 0 0 0 0 X 0 0 X 0 X 0 X 0 0 0 0 X X 0 0 0 0 0 0 0 0 0 X X 0 0 0 0 0 0 0 0 0 0 X X 0 0 0 0 0 0 0 0 X 0 X 0 0 0 0 0 0 X 0 0 X X 0 0 0 0 0 0 X 0 0 0 0 0 X 0 X 0 0 X
X 0 0 0 0 0 0 0 X 0 0 0 0 0 0 0 0 0 0 0 0 0 0 0 X 0 X 0 0 0 0 0 X 0 0 0 0 0 0 0 0 0 X 0 X 0 0 0 X 0 0 0 0 X 0 0 X 0 0 0 0 X 0 X 0 0 0 X 0 0 0 X X 0 0 0 0 0 0 0 X 0 0 0 0 X 0 0 0 0 0 X 0 0 0 0 0 0 0 0 0 X 0 X 0 0 0 0 0 X 0 X 0 0 0 0 0 0 X 0 0 0 0 0 0 0 X X 0 0 0 0 0 X X 0 0 0 0 0 X 0 0 0 0 0 0 0 0 0 0 0 X 0 X 0 0 0 X X X 0 0 0 0 0 0 0 0 0 0 0 0 X 0 0 0 0 X 0 X 0 0 0 X 0 X X 0 X 0 0 0 X 0 0 0 0 0 X
X 0 0 X 0 X 0 0 0 0 0 X 0 0 X 0 X X 0 0 0 0 0 0 X 0 0 0 0 0 0 0 0 0 0 0 0 0 0 0 X 0 0 0 0 0 X 0 0 0 0 0 X 0 0 X 0 X X 0 0 X 0 X X X X 0 0 0 0 0 X 0 X 0 0 0 0 0 0 0 0 0 0 0 X X 0 0 0 0 0 X 0 0 0 0 0 0 0 0 X 0 0 0 0 0 0 0 0 0 0 0 0 0 0 0 0 0 0 0 X 0 0 0 X X 0 0 0 0 0 X 0 0 X 0 0 X 0 0 0 0 X 0 X 0 X 0 0 0 0 0 0 X 0 X 0 0 X 0 0 0 0 X X 0 0 0 0 0 0 0 0 X X X 0 0 X 0 0 0 0 0 0 0 X 0 0 0 0 X X X 0 X 0 X
X X X 0 0 0 0 0 0 0 0 0 0 0 0 0 0 0 0 0 0 X 0 0 0 0 0 0 0 0 0 X X 0 0 X 0 0 0 X X 0 X 0 X 0 X 0 X X 0 0 0 X 0 0 0 X 0 0 0 0 0 X X 0 0 X 0 0 0 0 0 0 0 0 0 0 0 0 0 X X 0 0 0 0 0 0 0 X 0 0 X 0 0 0 0 X 0 0 0 0 0 0 0 0 X 0 0 0 0 0 0 X 0 0 0 0 0 X 0 0 0 0 0 0 0 0 0 0 0 0 0 X 0 0 X 0 0 X 0 X 0 X 0 0 0 0 X 0 0 0 0 0 0 0 0 X 0 X 0 0 0 X X 0 X 0 0 0 X 0 X 0 X X X X 0 0 0 0 0 X 0 0 0 0 0 0 0 X X X 0 0 X 0 X
X 0 0 0 0 0 0 X 0 0 0 0 0 0 0 X 0 X 0 X 0 0 X 0 X X 0 0 0 0 0 X 0 0 0 0 0 0 0 0 0 0 0 0 0 0 0 0 X 0 0 X 0 0 0 0 0 0 0 X 0 0 X 0 0 0 0 0 0 0 0 0 0 0 0 0 X 0 0 0 0 0 0 0 0 0 0 0 0 0 0 X 0 0 0 0 0 0 0 0 0 0 0 X 0 X 0 0 0 0 0 0 0 0 0 0 0 0 0 0 0 0 0 0 0 0 0 0 X X 0 0 0 0 X 0 0 X X X X 0 0 0 0 X 0 0 0 0 0 0 0 0 0 0 0 0 0 0 0 0 X 0 0 0 0 0 0 0 X 0 0 0 0 0 0 0 X 0 0 0 0 0 0 X 0 0 0 0 X 0 0 0 0 0 0 X 0 X
X 0 0 0 0 0 0 0 0 0 X 0 X 0 0 0 0 0 0 0 0 X 0 0 0 0 X X X 0 0 X X 0 0 0 0 0 X 0 X 0 0 0 0 0 0 0 0 0 X X 0 0 0 0 X X 0 0 0 0 0 0 X 0 0 0 0 0 X X 0 0 0 X 0 0 0 X 0 0 0 0 X 0 0 X 0 0 0 0 0 0 0 0 0 0 0 0 0 0 0 0 0 0 X X 0 0 0 X 0 0 0 0 0 0 0 0 0 0 0 0 0 0 0 0 0 0 0 0 0 0 0 X 0 0 0 X 0 0 0 0 0 0 X 0 0 0 0 0 0 0 0 0 0 0 X 0 X 0 0 0 X 0 0 X 0 X 0 X 0 0 X 0 X 0 0 0 0 X 0 0 0 X 0 0 0 0 0 0 0 0 0 0 0 0 0 X
X 0 0 X 0 0 0 X 0 0 X X 0 0 X 0 0 0 X 0 0 0 X 0 0 0 0 0 0 0 0 0 0 0 0 0 0 0 X 0 0 0 0 0 0 X 0 0 0 X 0 0 X 0 0 0 0 0 0 0 0 0 0 X X 0 0 0 X 0 0 0 X 0 X 0 0 X 0 0 X X 0 0 X 0 X 0 0 0 0 0 0 0 0 0 0 X 0 0 0 X 0 0 0 0 0 X 0 0 0 X 0 X 0 0 X 0 X 0 X 0 0 0 0 0 0 0 0 0 0 0 X 0 0 0 0 X 0 0 0 0 0 0 0 0 0 0 0 0 0 0 0 0 X 0 0 0 0 X X X 0 0 0 X 0 0 0 X X 0 0 X X 0 0 0 0 0 0 0 0 X 0 0 0 0 0 0 0 0 0 X 0 0 0 0 0 X
X 0 0 0 0 0 0 0 0 0 0 0 0 X 0 0 0 0 0 X X 0 0 0 0 0 0 0 0 0 0 0 0 0 0 0 0 0 0 X 0 X 0 0 0 0 X 0 0 0 0 0 0 0 X X 0 0 0 X X 0 0 0 0 0 0 X 0 X 0 0 X X X 0 0 0 0 0 X 0 0 0 X 0 X 0 X 0 X 0 X 0 X 0 0 0 0 0 0 X 0 0 X 0 0 0 0 0 0 0 0 0 0 0 0 0 0 0 0 0 X 0 0 0 0 0 0 0 0 0 0 0 0 0 0 0 X X X 0 0 X 0 0 0 0 X 0 X 0 0 X 0 0 0 0 0 0 0 0 0 0 0 X 0 0 0 0 X 0 0 0 X 0 X 0 X 0 X 0 0 0 0 0 0 0 X 0 0 0 0 0 0 0 0 X 0 X
X 0 0 0 X 0 0 0 0 0 X 0 0 0 X 0 0 0 0 0 0 0 0 0 0 0 0 0 0 X X 0 X 0 X X 0 0 0 0 0 0 X X X 0 0 0 0 0 0 0 0 0 0 0 X X X 0 X 0 X 0 0 0 0 0 0 0 0 0 0 0 0 0 0 0 0 X X 0 0 0 X 0 0 0 0 0 0 0 0 X 0 0 0 X 0 0 0 0 X X 0 0 0 0 0 0 0 0 X 0 0 0 X 0 X 0 0 X 0 0 0 0 0 X 0 0 0 0 0 X X 0 X 0 X X 0 0 X X 0 0 X 0 X 0 0 0 0 0 0 0 X 0 0 X 0 0 X 0 0 X 0 0 0 0 0 0 0 0 0 0 X 0 X 0 0 0 0 X X 0 0 X X 0 0 0 X 0 0 0 0 0 0 X
X 0 X 0 X 0 0 0 X 0 0 0 0 0 0 0 X 0 0 0 0 0 0 0 X X 0 0 0 0 0 X 0 0 0 0 X 0 0 0 0 0 0 0 0 0 0 0 X 0 0 X 0 0 0 0 X X X X 0 0 X 0 X 0 X 0 0 0 0 0 X 0 X 0 0 0 0 X 0 0 0 0 0 X 0 0 0 X 0 X 0 0 0 0 0 X 0 X 0 0 0 0 X 0 0 0 0 0 0 0 X 0 X 0 0 X 0 0 0 0 0 0 0 0 0 X X X 0 0 0 0 0 0 0 0 0 X X 0 0 0 X 0 0 0 0 0 0 0 0 0 X 0 0 0 0 0 X 0 X 0 X 0 0 X 0 0 0 0 0 X 0 0 0 0 0 0 X 0 X 0 0 0 X 0 X 0 0 0 0 0 0 0 0 X 0 X
X X X 0 0 0 0 0 X X 0 0 0 0 0 0 X 0 0 0 0 X X 0 0 X 0 0 0 0 0 0 0 0 0 0 0 0 X 0 0 0 0 0 0 0 X 0 0 0 0 0 0 0 X X 0 0 0 0 0 0 X X 0 X 0 0 0 0 X 0 X 0 0 X 0 0 X 0 0 0 X 0 X 0 X X 0 0 0 0 0 X 0 X 0 0 0 0 0 0 0 0 0 X 0 0 0 0 0 0 0 0 0 0 0 0 0 0 0 0 0 0 0 X 0 0 X X 0 0 0 0 X 0 X X 0 X 0 0 0 X 0 0 0 0 X 0 0 X 0 0 X 0 0 0 0 0 0 0 X 0 0 0 0 0 X 0 X 0 0 0 0 0 X 0 0 0 0 0 0 0 0 X 0 0 0 0 0 0 0 X 0 0 0 0 0 X
X 0 0 0 0 0 X 0 0 0 0 0 0 0 0 X 0 X 0 X 0 0 0 0 0 0 0 0 X 0 0 0 0 0 X 0 0 X 0 X 0 0 0 0 0 0 X 0 0 0 0 0 0 0 0 0 0 0 0 0 0 0 0 0 0 0 0 0 0 X 0 0 0 0 0 0 0 0 0 X X 0 0 X 0 X X 0 0 0 0 0 0 0 X X 0 X 0 0 0 0 X 0 0 0 X 0 0 X 0 0 0 X X 0 0 X 0 0 0 0 X 0 0 0 0 0 0 0 0 0 0 0 X 0 0 0 0 0 0 X 0 0 0 0 X X 0 X 0 0 0 0 0 0 X 0 0 0 0 X 0 0 0 0 0 X 0 0 0 0 0 0 X 0 0 0 0 0 X X 0 0 0 0 X 0 0 0 0 0 0 0 0 0 X X X X
X 0 X 0 0 0 0 0 0 X 0 X 0 0 X 0 0 0 0 0 0 0 0 0 0 0 0 X 0 0 X X X 0 X X 0 0 0 0 0 0 0 0 X 0 0 0 X 0 X X X 0 0 0 0 X 0 0 0 0 0 0 0 0 0 0 X 0 0 0 0 0 0 X X 0 0 0 0 0 X 0 0 0 0 0 0 X 0 0 X 0 X 0 0 0 0 X 0 0 0 X X 0 0 0 0 0 X 0 0 0 0 0 0 0 0 0 0 0 0 X 0 0 0 0 0 0 0 0 0 X 0 0 0 0 0 0 0 0 0 0 0 0 X 0 0 0 0 0 0 X 0 0 0 0 0 0 X 0 X 0 0 0 0 0 0 0 0 X 0 0 0 0 0 0 X 0 0 0 0 0 X X 0 0 X 0 0 0 0 0 0 X 0 0 0 X
X 0 0 0 0 0 0 0 X 0 X 0 0 0 0 X 0 X 0 0 0 X 0 0 X 0 0 0 0 0 0 X 0 0 0 X 0 X X 0 0 0 0 0 X 0 0 0 X X 0 X 0 0 0 X 0 0 0 0 0 X 0 0 0 0 0 X 0 0 0 0 0 0 0 0 0 0 0 X 0 0 0 0 0 X 0 0 0 0 0 0 0 0 X 0 0 0 X 0 0 0 X 0 0 X X 0 0 X 0 0 X 0 0 0 X X X 0 0 0 0 0 0 X 0 0 0 X 0 0 0 X 0 X X X X X 0 0 0 X 0 0 0 X X X 0 X 0 0 0 0 0 X 0 0 0 0 X X 0 0 0 0 0 0 0 0 X X 0 0 0 X 0 0 X X 0 0 0 0 0 0 0 0 0 0 0 0 0 0 0 0 0 X
X 0 0 0 0 0 0 0 0 0 0 X 0 0 0 X X 0 0 0 X 0 0 X 0 0 X 0 X 0 0 0 0 X 0 0 0 0 0 0 X 0 X 0 0 0 0 0 0 0 X 0 0 X 0 0 0 0 0 0 X X 0 X X 0 0 0 X 0 0 0 0 0 X 0 X 0 0 X 0 0 X 0 0 0 0 X X 0 0 0 0 0 0 0 0 0 0 0 0 0 0 0 0 X 0 0 X 0 0 0 0 0 0 0 0 0 0 0 0 0 0 0 0 X 0 0 0 0 0 0 0 0 0 0 0 0 X 0 0 0 X 0 0 0 0 0 X 0 0 0 0 0 0 0 0 X 0 0 0 0 0 0 0 0 0 0 0 X 0 0 0 0 0 X 0 0 0 0 0 0 0 0 0 0 0 0 0 0 0 0 0 0 0 0 0 0 0 X
X 0 0 0 0 0 X X 0 X 0 0 0 0 0 0 0 0 0 0 0 0 0 0 X 0 0 0 0 0 0 0 0 0 0 0 X 0 0 0 0 X X 0 0 0 0 0 0 0 0 X 0 0 0 X 0 0 X 0 X 0 0 0 X 0 0 0 0 0 0 X 0 0 0 0 0 0 0 0 X X 0 0 0 0 0 0 X X 0 X 0 0 0 X 0 0 0 0 0 0 X 0 0 0 0 X 0 0 0 0 0 0 X X 0 0 X 0 0 0 X 0 X X 0 0 0 0 0 0 0 0 0 X 0 0 0 0 0 0 0 X 0 0 0 X 0 0 0 0 0 0 X 0 0 0 0 0 0 X 0 0 0 0 X X X 0 0 0 0 X 0 X 0 X 0 0 0 0 0 0 X 0 0 0 X X X 0 0 0 0 X 0 0 0 X
X 0 0 0 0 0 0 0 0 0 0 0 0 0 0 0 X X 0 0 0 X X 0 X 0 X 0 0 0 0 X 0 X 0 0 X 0 0 0 0 0 0 X 0 0 0 X 0 0 0 0 0 0 0 0 0 0 0 0 0 X X 0 0 0 0 0 0 X 0 0 X 0 0 0 X 0 0 0 0 0 0 0 0 0 X X X 0 0 0 X 0 0 0 0 0 0 0 0 0 0 0 0 0 0 0 X X 0 0 X 0 0 X 0 X 0 X 0 0 0 0 X 0 0 0 0 0 X 0 0 0 0 0 0 0 0 0 0 0 0 0 0 0 X 0 0 X 0 0 0 0 X 0 X 0 0 0 0 X 0 0 0 0 0 0 0 0 0 0 X 0 X 0 0 0 0 0 0 0 0 0 X 0 X 0 0 0 0 0 0 0 0 0 0 0 0 X
X 0 0 0 0 0 0 0 0 0 X 0 X 0 0 0 0 0 X 0 0 0 X X X X 0 0 X 0 0 X 0 X X X 0 X X 0 0 X 0 X 0 0 X 0 0 0 0 0 0 X 0 0 0 X X 0 0 0 0 X 0 0 0 X 0 0 0 X 0 0 X 0 0 0 0 0 X 0 0 0 0 X 0 0 X X 0 X 0 0 X 0 0 0 0 0 0 0 0 0 0 0 X 0 0 0 0 0 X X 0 0 0 0 0 0 0 0 0 0 X 0 0 X 0 0 X 0 0 X 0 X 0 X 0 0 0 0 0 0 0 0 X 0 X 0 X 0 0 0 X X X 0 X X 0 X 0 0 0 X 0 0 0 X 0 0 0 0 0 0 0 0 X 0 0 0 0 0 X 0 0 0 0 0 0 0 0 0 0 X 0 0 0 X
X 0 X 0 0 0 0 0 X X X 0 X 0 0 X 0 X 0 0 0 X 0 0 X X 0 X 0 0 X 0 X 0 0 0 0 X 0 X 0 X 0 0 X 0 0 0 0 0 X 0 0 X 0 0 0 0 0 0 0 0 0 X 0 X 0 X 0 0 X 0 0 0 0 0 0 0 X 0 0 X 0 0 0 0 X 0 0 0 0 0 0 0 X 0 X 0 0 0 0 0 0 0 X X X 0 0 0 X 0 0 X 0 0 0 0 0 X 0 0 0 0 0 0 0 X 0 X X 0 X 0 X 0 0 0 0 0 0 0 0 0 X 0 X 0 0 0 X 0 0 0 0 X 0 0 0 X 0 0 X X 0 0 X 0 0 0 0 0 0 0 0 0 0 0 0 0 0 0 0 0 0 X 0 0 0 X 0 X 0 0 0 X X 0 0 X
X 0 0 0 0 0 0 0 0 0 X 0 0 0 0 0 0 0 0 0 X 0 0 0 X 0 0 X 0 0 0 0 0 0 X 0 X 0 0 0 0 0 0 0 0 0 0 X 0 0 0 0 0 0 0 0 X X 0 0 0 0 X X X 0 X X X 0 0 0 0 0 X X 0 0 0 0 0 0 0 0 0 0 0 0 X X 0 0 0 X 0 0 0 0 0 0 0 0 X 0 X 0 0 0 0 0 0 0 0 0 X X X 0 0 0 0 0 X 0 X 0 0 X 0 X X 0 0 0 X 0 0 0 0 0 0 0 0 0 0 0 0 X 0 0 0 0 0 0 X 0 X 0 0 0 0 0 0 0 0 0 0 X 0 0 0 0 0 0 0 0 0 0 0 0 0 X 0 0 0 0 0 0 0 X X 0 X 0 0 0 0 0 0 X
X 0 0 0 0 0 X X 0 X 0 0 0 X 0 0 0 0 X 0 0 0 0 0 0 0 X 0 0 X 0 0 0 X 0 0 X 0 0 X 0 X 0 0 0 0 0 X X 0 0 0 0 0 0 0 0 0 0 0 X X 0 0 0 X 0 0 X X X 0 0 0 X 0 0 0 0 0 0 0 0 X X 0 0 0 0 0 0 0 0 X 0 0 0 X 0 0 0 X 0 0 0 0 X X X 0 0 0 0 0 0 0 0 X 0 0 X 0 0 0 0 X 0 X 0 0 0 0 0 X 0 0 0 0 0 0 0 0 0 0 0 0 0 X 0 0 0 0 0 0 0 0 X 0 0 0 0 0 X 0 0 X 0 0 X 0 X 0 0 0 0 X 0 0 0 0 X 0 0 X X 0 0 0 X 0 X X X 0 0 0 X 0 X X
X 0 X 0 X 0 0 X 0 0 0 0 0 0 0 0 X 0 0 0 0 0 0 0 0 0 0 X X X X 0 0 X 0 0 X 0 X 0 X X 0 0 0 0 0 0 0 0 0 0 X 0 0 0 0 0 0 0 0 X X 0 0 0 X 0 0 0 0 0 0 0 0 X X 0 0 0 0 X 0 0 0 X 0 0 0 0 0 0 0 0 0 0 0 X 0 0 0 0 0 0 0 0 0 0 0 X 0 0 0 X 0 X X 0 0 X 0 0 0 0 0 0 0 0 0 0 X 0 0 0 0 0 0 X 0 0 0 X X 0 0 0 0 0 0 X 0 0 X 0 X X X 0 0 0 X 0 0 0 0 0 0 X 0 0 0 0 X 0 0 0 0 X X X 0 0 0 0 X 0 0 0 0 0 0 0 0 X 0 0 0 0 X X
X 0 0 0 0 0 0 0 0 0 0 0 0 0 0 X 0 0 0 0 X 0 0 0 0 0 0 0 X X 0 0 X 0 0 0 0 0 0 0 0 0 0 0 X 0 X 0 0 X X 0 0 0 X 0 X 0 0 X 0 0 0 X 0 0 0 0 0 0 0 0 X X 0 0 0 0 0 0 0 X 0 X 0 0 0 0 0 X X X 0 0 0 0 0 0 0 0 0 X X 0 0 0 0 0 0 0 0 0 0 X 0 0 0 0 0 0 0 0 0 0 0 0 X 0 X X X 0 0 0 0 0 0 0 0 0 X 0 X 0 X 0 0 0 0 0 0 X 0 0 X 0 0 0 0 0 X 0 0 0 0 0 X 0 0 0 0 0 0 0 X 0 X 0 0 X 0 0 0 0 X X 0 X X 0 X 0 0 0 0 0 X 0 0 X
X 0 0 0 0 X 0 0 0 0 X 0 0 0 0 X 0 0 0 0 0 0 0 0 0 0 0 0 0 0 X 0 X X 0 0 0 0 0 0 0 0 X 0 0 X 0 0 0 0 0 0 0 0 0 0 X 0 0 X 0 0 0 X 0 X 0 0 0 0 X 0 0 X 0 0 0 0 0 0 0 0 X 0 0 0 0 0 X 0 0 0 0 0 0 0 0 0 0 0 0 0 0 0 0 0 0 X 0 0 0 0 0 0 0 0 0 0 0 0 0 0 0 0 0 0 0 0 0 X 0 0 0 0 0 X 0 0 X X 0 0 0 0 0 0 0 0 0 0 X 0 0 X 0 0 0 X 0 X 0 0 0 0 0 0 0 0 X 0 X 0 0 X X 0 0 X 0 X 0 0 X 0 0 0 X 0 0 X 0 0 0 0 0 0 0 0 0 X
X X 0 0 0 0 0 0 0 0 0 0 0 X 0 0 0 X 0 0 X 0 0 0 0 0 0 0 X 0 0 X 0 0 0 0 0 0 0 X X 0 0 0 0 0 0 0 0 0 0 0 0 X 0 0 0 0 0 0 0 0 0 0 0 X 0 0 0 0 X 0 0 0 X 0 X X 0 0 X 0 X 0 0 0 0 0 0 0 0 0 0 0 0 0 0 0 0 0 0 0 X 0 0 0 0 0 0 0 0 0 0 X 0 0 0 0 0 0 0 0 0 0 0 X 0 0 0 0 0 X 0 0 0 0 0 X 0 0 0 X X 0 0 0 0 X 0 0 X 0 0 X X 0 0 0 0 0 X 0 0 0 0 0 0 0 0 X 0 0 0 0 0 0 0 X X 0 0 0 0 0 0 X 0 0 0 X 0 0 0 0 0 0 0 X 0 X
X 0 X 0 0 X 0 0 0 0 0 0 0 0 0 X X 0 0 0 0 X 0 X 0 0 0 0 0 X 0 X 0 X 0 0 0 0 0 0 X X X 0 0 0 X 0 0 X 0 0 0 0 0 0 0 X 0 0 0 0 0 0 0 0 0 0 0 0 0 0 0 0 0 0 X 0 0 0 0 0 0 0 X 0 0 0 0 X 0 0 0 X X 0 0 0 0 0 0 0 0 0 0 0 0 0 0 X 0 0 0 0 X 0 0 X 0 0 0 0 0 X 0 0 0 X 0 0 X 0 X 0 0 0 0 0 0 0 0 0 X 0 X X X 0 0 0 0 0 0 0 X 0 0 0 0 0 0 X 0 X X 0 0 0 0 0 0 0 0 0 X 0 0 0 X 0 0 0 0 0 0 0 0 0 0 0 0 X 0 0 0 0 0 0 0 X
X X 0 X 0 0 X 0 0 X 0 X 0 0 X 0 0 0 0 X 0 0 X X 0 0 0 0 0 0 X 0 0 0 X 0 0 0 0 0 0 0 0 X 0 X 0 0 0 0 X 0 X 0 X X 0 0 0 0 0 0 X 0 0 0 X 0 0 0 0 0 0 0 0 0 0 0 0 X 0 0 0 0 0 0 0 0 0 0 0 0 0 0 0 0 X 0 0 0 X 0 0 0 0 0 0 0 0 0 0 X X 0 0 0 0 0 0 0 0 0 0 X 0 X 0 X 0 X 0 0 0 0 0 X X X X X 0 0 X X 0 0 0 0 0 X 0 0 0 0 0 0 0 X 0 0 0 0 0 X X 0 X X X X 0 0 0 0 0 X 0 0 0 0 X X 0 0 0 0 X 0 0 X 0 0 0 0 0 0 0 X X X
X X 0 0 0 X 0 0 0 0 0 X X X 0 0 0 0 0 0 0 0 X 0 0 0 0 0 X 0 0 0 0 0 0 0 X 0 0 0 0 0 0 0 0 X 0 0 0 0 X 0 0 0 0 X 0 0 0 0 0 X 0 0 0 0 0 0 0 0 X 0 0 0 0 0 0 0 0 0 X 0 0 0 X 0 X X 0 0 X 0 0 0 X 0 X X 0 0 0 X 0 X 0 0 0 0 0 X 0 0 0 0 0 0 X 0 X 0 0 0 X 0 0 0 0 X X 0 0 X 0 0 0 X 0 0 0 0 X 0 0 0 0 X 0 0 0 0 0 0 X X 0 0 0 X 0 0 X 0 0 X 0 0 X 0 X 0 0 0 0 0 0 X X 0 0 0 0 0 0 0 0 X 0 X 0 0 0 0 0 X 0 0 0 X 0 X
X 0 0 X 0 0 0 0 0 X 0 0 0 X 0 0 X 0 0 0 X 0 0 0 0 X 0 0 X X 0 X 0 0 0 0 0 0 0 X X 0 0 0 0 0 0 X 0 0 0 0 0 X 0 X X 0 0 0 0 0 0 0 X 0 0 0 0 X 0 X X 0 0 0 0 0 0 0 0 0 0 X 0 0 X 0 X 0 0 0 0 X 0 0 X 0 0 0 0 0 0 0 0 X 0 0 0 0 0 0 0 0 0 X 0 0 0 0 0 0 0 0 0 0 X 0 0 X X 0 0 0 0 0 0 X 0 X X 0 0 0 0 0 0 0 X 0 X 0 X 0 0 0 0 X 0 0 0 0 0 0 0 0 0 0 0 0 0 0 0 0 0 0 0 0 0 0 X 0 0 0 0 0 0 0 0 0 0 0 X X 0 0 0 X 0 X
X X 0 0 0 0 0 X 0 0 X 0 0 0 0 0 0 0 0 X 0 0 0 X 0 0 0 0 0 0 0 0 0 0 0 X X 0 X 0 0 0 0 0 0 0 0 0 X 0 0 0 X X X X 0 X 0 0 0 0 0 0 0 X 0 0 0 0 0 0 X 0 0 X 0 X 0 0 0 0 0 X 0 0 0 0 X 0 X X 0 X 0 0 0 0 0 X 0 0 0 0 0 0 0 0 0 X X 0 0 0 0 0 X 0 0 0 0 X 0 0 0 0 0 0 X 0 0 0 0 0 0 0 X 0 0 0 X 0 0 0 0 0 0 0 0 0 X 0 0 0 X 0 0 0 0 0 0 0 0 X 0 0 0 0 X 0 0 X 0 0 0 0 0 0 X 0 0 0 0 0 X 0 0 0 0 X 0 0 0 0 0 X 0 X X X
X 0 X 0 0 X 0 0 0 0 0 0 0 X 0 0 X 0 0 0 0 0 0 0 0 0 0 0 0 X X X 0 0 0 0 0 0 0 0 X 0 0 0 X X 0 0 0 0 0 0 0 0 0 0 0 0 0 X X X 0 0 X 0 X 0 0 0 0 X 0 X 0 X X 0 0 0 X 0 X 0 0 0 0 0 0 0 0 0 0 0 0 0 0 X 0 0 0 X 0 0 0 0 0 0 0 0 0 0 0 0 0 0 0 0 0 0 0 0 0 0 X 0 0 0 0 0 0 0 0 0 0 0 0 0 0 X 0 X 0 0 0 0 X X 0 0 0 0 0 0 0 0 0 0 0 0 0 0 0 X 0 0 0 X 0 0 X 0 X 0 X 0 0 X 0 0 X 0 X X X 0 0 0 X X 0 0 0 0 0 0 0 X 0 X
X 0 0 0 0 X 0 X 0 0 0 0 0 0 0 0 0 0 0 X 0 X 0 X 0 0 0 X 0 0 0 0 0 0 0 0 0 0 0 X X X 0 0 0 0 0 0 0 X 0 0 0 0 X X 0 0 0 0 0 0 0 0 0 0 0 0 0 0 0 0 0 0 0 X 0 X 0 X 0 0 0 0 0 0 0 X 0 0 0 X 0 0 0 0 X 0 X X X 0 X 0 0 0 0 0 0 0 0 0 0 0 0 0 0 0 0 0 0 X 0 0 0 0 0 0 0 0 X X 0 X 0 0 X 0 X 0 0 X 0 0 0 X 0 0 X 0 0 0 0 X 0 0 0 X 0 X 0 X X X X X X 0 X 0 0 0 0 0 0 0 0 0 0 0 0 X X X 0 X 0 0 X 0 0 0 0 0 0 0 0 0 0 X
X 0 0 0 0 0 0 0 0 0 0 X X 0 0 0 0 0 X 0 0 0 0 X 0 0 0 0 0 0 0 0 X 0 0 0 X X X 0 0 0 0 0 X 0 0 0 0 0 0 X 0 0 0 0 0 0 0 0 0 0 0 0 0 X 0 0 0 0 0 0 X 0 0 0 0 0 0 0 0 0 X 0 0 0 0 0 0 0 0 0 0 0 0 X X 0 0 0 0 0 0 0 0 0 0 0 X 0 0 0 0 0 0 X X 0 0 0 0 0 X 0 0 0 0 0 X X X 0 0 0 0 0 0 X X 0 0 0 0 0 0 X X 0 0 0 0 0 0 0 X X 0 0 0 X X 0 X 0 0 0 0 0 0 0 0 0 X 0 0 0 0 0 0 0 0 0 0 0 X 0 0 0 0 0 0 0 0 0 X X X X 0 X
X 0 0 0 0 0 0 0 X 0 X 0 0 0 0 0 0 0 X 0 0 X 0 X 0 0 X 0 X X 0 X 0 0 0 0 0 0 X 0 0 X X X X 0 0 X 0 0 X 0 0 X 0 0 0 X 0 X 0 0 X 0 0 0 X 0 0 0 0 0 0 0 0 0 X 0 0 0 X 0 0 0 0 0 0 X X 0 X 0 0 0 X 0 X X X 0 0 X 0 0 0 0 0 0 0 0 0 0 X 0 0 0 0 0 0 0 0 0 0 0 0 0 0 0 0 0 0 0 0 0 X X 0 0 0 0 0 X 0 0 0 0 0 0 0 X 0 0 0 0 0 0 0 0 0 0 0 0 0 0 0 0 0 X 0 0 X 0 0 0 0 0 0 0 0 0 X 0 0 0 0 0 0 0 X 0 0 0 0 0 X 0 0 0 0 X
X 0 X 0 0 0 0 0 0 0 0 X 0 X 0 0 0 0 0 0 0 0 0 X 0 X X 0 0 0 0 0 0 X 0 0 0 0 0 0 0 0 0 0 0 X 0 0 0 0 0 0 0 0 0 X X 0 0 X X 0 0 0 0 0 X 0 0 0 0 X 0 X 0 0 X 0 0 0 0 0 X 0 0 0 0 0 0 0 0 X 0 0 0 0 0 0 0 0 0 0 0 0 0 X 0 0 X 0 0 0 X 0 X 0 X 0 0 0 0 0 X 0 X 0 0 X 0 0 0 0 0 X X 0 0 0 X 0 0 0 0 0 X 0 0 0 0 0 0 0 0 0 0 0 0 X 0 X 0 X X 0 0 0 0 0 0 0 0 0 0 0 0 0 0 0 0 0 0 0 0 0 0 0 0 0 0 0 X 0 0 0 X 0 0 0 0 X
X 0 0 0 X 0 0 X 0 X 0 0 X 0 0 0 0 0 0 0 0 0 0 0 0 0 0 0 0 0 X 0 0 0 0 0 0 0 0 X 0 0 0 0 X X X X 0 0 0 0 X 0 X 0 X 0 0 0 0 0 0 0 0 X 0 0 0 0 0 0 0 0 0 0 0 X 0 0 0 X 0 0 0 0 0 0 0 0 X X 0 0 0 X 0 X X 0 0 0 0 0 0 0 0 0 X 0 0 0 0 0 0 0 0 0 0 0 0 0 0 0 0 X 0 0 X 0 0 X 0 0 0 0 0 0 X X 0 X 0 0 0 X 0 0 X 0 0 0 X 0 0 0 0 0 X X X 0 0 0 X X 0 X X 0 0 X 0 0 X X X 0 X X 0 0 0 0 0 0 0 0 0 X 0 0 X 0 X 0 0 0 0 X
X 0 0 0 0 0 X X 0 0 0 X 0 0 0 X 0 0 0 X 0 X 0 0 X 0 X 0 0 0 X 0 0 0 0 0 0 0 X 0 X 0 0 0 0 0 0 0 0 X X X 0 0 X 0 0 0 0 0 0 0 0 X 0 0 X 0 X 0 0 0 0 0 0 0 0 0 0 0 0 0 X X 0 X 0 0 0 X 0 X 0 0 0 0 X X 0 0 X 0 0 0 0 0 X 0 0 0 X 0 0 X X 0 0 0 0 0 0 0 X 0 0 0 0 0 0 0 0 X X 0 X 0 0 0 0 0 0 0 0 0 X X X 0 0 0 0 0 0 0 0 X 0 X 0 0 0 0 0 0 0 0 0 X X 0 X X 0 0 0 X 0 0 0 0 X 0 0 0 X 0 0 X X 0 0 0 0 0 0 0 0 X 0 X
X X X 0 0 0 0 0 0 X 0 X X 0 0 0 0 0 0 X 0 X 0 0 0 0 0 X 0 0 0 0 0 0 0 0 0 0 0 0 X 0 X 0 0 0 0 0 0 0 0 0 0 0 0 X 0 X 0 0 0 X X 0 0 0 0 0 0 0 0 0 0 0 X 0 0 0 0 0 0 0 0 0 0 0 0 0 0 0 0 X X 0 X 0 0 0 X 0 0 X 0 X X 0 0 0 0 0 0 X 0 0 0 0 0 0 0 X 0 0 0 X 0 0 0 X 0 0 0 0 X 0 0 0 X X 0 0 0 0 X X X 0 X 0 0 0 0 X 0 0 0 0 0 0 0 X 0 X 0 X 0 0 X 0 X 0 0 0 0 0 0 0 0 0 0 0 0 0 0 0 X X 0 0 X 0 0 0 0 0 0 0 0 0 X X
X 0 0 0 0 0 0 0 X 0 0 0 X X 0 0 0 X 0 0 0 0 X 0 0 0 0 0 0 0 0 0 X 0 X 0 0 0 0 0 0 X X 0 X 0 0 X 0 X 0 X 0 0 0 0 X X 0 0 0 0 X 0 0 0 0 0 0 0 0 X 0 X 0 0 0 0 X 0 X 0 X 0 0 0 0 0 0 X 0 0 0 0 0 0 0 0 X 0 0 X 0 0 0 0 0 0 0 0 0 0 0 X 0 0 X X 0 0 X 0 0 0 0 0 0 0 0 0 0 0 0 0 0 0 0 0 0 0 0 0 0 0 X 0 0 X 0 X 0 0 X 0 0 0 0 0 X 0 0 X 0 X 0 0 X 0 0 X 0 0 X 0 0 0 0 0 0 0 0 0 0 X 0 0 0 0 0 X 0 0 0 0 0 X X 0 X X
X 0 0 0 0 0 X 0 0 0 0 X 0 0 X 0 0 0 0 0 0 0 0 0 0 0 0 X 0 0 0 0 0 0 0 0 0 X 0 0 0 X 0 0 0 X 0 0 X 0 0 0 0 0 0 0 0 0 0 0 0 0 0 X 0 0 0 0 0 0 0 0 X X 0 0 0 0 0 0 X X 0 0 0 0 0 0 0 0 0 X 0 0 0 X X 0 X 0 0 0 0 0 0 X 0 X 0 0 0 0 X X 0 0 0 0 0 0 0 0 0 0 0 0 0 0 0 0 X 0 0 0 0 0 0 0 0 0 0 0 0 0 0 0 0 0 0 0 X 0 0 X 0 0 0 X 0 0 0 0 0 0 0 0 0 0 0 X 0 0 0 0 0 0 X 0 0 0 0 0 X 0 0 0 X 0 0 0 0 X 0 0 0 0 0 X 0 X
X 0 0 0 X 0 0 0 0 0 0 0 0 0 0 0 0 0 0 X 0 0 X 0 X X X 0 0 0 0 0 0 X 0 X X 0 0 0 0 X X 0 X 0 0 X X 0 0 0 0 X 0 0 0 0 0 X 0 0 X 0 0 0 0 0 0 0 0 0 0 0 0 X 0 0 0 X X 0 0 0 0 0 0 0 0 0 0 0 0 X 0 0 0 0 0 0 0 0 0 0 0 0 0 0 0 0 0 0 X 0 0 0 0 X 0 0 0 0 X 0 X 0 0 0 0 0 X 0 0 0 0 0 0 0 X 0 0 0 X 0 0 X 0 X 0 X 0 X 0 0 0 0 0 X 0 X 0 0 X X 0 0 X 0 0 0 0 X 0 0 0 0 0 0 X X 0 0 0 0 0 0 0 0 0 0 X 0 X 0 0 0 0 X 0 X
X 0 X 0 0 0 0 0 0 0 0 0 0 X X 0 0 0 0 0 0 0 X 0 0 X 0 0 X 0 0 X 0 X 0 0 0 0 0 0 0 0 X 0 0 0 X 0 0 0 X 0 0 0 0 0 0 X 0 0 0 0 0 X 0 X X 0 0 0 0 0 0 0 X 0 0 X X 0 X 0 0 0 0 X 0 0 0 X 0 0 0 0 0 0 0 0 0 0 0 0 0 0 0 0 0 0 X 0 0 X 0 0 0 0 0 X 0 0 0 0 0 0 0 X 0 X X 0 0 0 0 0 0 0 0 X 0 0 X 0 0 0 0 X 0 X 0 0 0 X 0 0 0 X 0 0 0 0 0 0 0 0 0 0 0 X 0 0 0 X 0 0 0 0 0 0 0 X 0 0 0 0 0 0 0 0 0 0 0 X 0 X 0 0 0 X 0 X
X 0 X 0 0 0 0 0 X 0 X X X 0 0 0 0 0 0 0 X 0 X 0 0 X 0 0 0 0 X 0 0 0 0 0 0 0 0 0 0 0 0 X 0 0 0 0 0 0 0 X 0 0 0 0 X 0 0 0 0 0 0 0 0 0 0 X 0 0 X 0 0 0 0 0 X X 0 X 0 0 0 0 0 0 0 0 0 0 0 0 X X 0 X 0 0 0 0 0 0 0 0 0 0 0 0 0 0 0 X 0 0 0 0 0 X X 0 X 0 0 0 0 X X 0 X 0 0 0 0 0 0 0 0 0 0 0 0 X 0 0 X 0 0 0 0 0 0 X 0 0 0 X 0 0 0 0 0 X 0 0 0 0 X 0 0 X 0 0 X X 0 0 0 0 X 0 X 0 X 0 0 0 0 0 0 X 0 0 0 0 0 0 0 0 X X
X 0 X 0 0 0 0 0 0 0 0 0 X X 0 0 0 0 0 0 0 0 0 X 0 X 0 0 0 X 0 0 X 0 0 0 X 0 0 0 0 0 0 0 0 0 0 X 0 X 0 0 0 0 0 X 0 0 X X 0 0 X X 0 X 0 0 0 0 X 0 0 X 0 0 0 0 0 0 0 0 0 X 0 0 0 0 X 0 0 0 X 0 0 0 0 X 0 0 0 X X 0 0 X 0 0 0 0 0 0 X 0 0 0 0 X 0 X X X 0 0 0 0 X 0 0 0 0 X 0 0 0 0 0 0 0 X 0 0 0 0 0 0 0 X 0 0 0 0 X 0 X 0 X 0 0 0 0 X 0 X 0 0 0 0 0 0 0 0 0 0 X 0 0 0 0 0 X 0 0 0 0 0 0 0 X 0 0 0 0 X 0 0 X X 0 X
X 0 X 0 0 0 0 0 0 X X 0 X 0 0 0 0 0 0 0 X 0 0 0 X 0 0 X 0 0 0 0 0 0 0 0 X 0 X 0 0 0 0 0 0 0 X X 0 0 0 0 0 0 0 0 0 0 0 0 0 0 0 0 0 0 0 0 0 0 0 0 0 0 0 0 0 0 0 X 0 0 0 0 0 0 X 0 0 0 0 0 0 X 0 X 0 0 0 0 X X 0 0 0 X X X X 0 0 0 0 0 0 0 0 0 0 0 X 0 0 0 0 0 0 0 X 0 X 0 0 X 0 0 0 0 X 0 X 0 0 X 0 0 X 0 0 0 0 0 X 0 0 0 X X 0 0 0 0 0 0 0 X X 0 0 0 0 0 0 X 0 0 0 X 0 0 X 0 0 0 0 0 0 0 X 0 0 0 X 0 0 0 0 0 X X
X 0 0 0 0 0 0 0 X 0 X 0 0 0 0 0 0 X 0 0 0 X 0 0 X 0 X X 0 0 0 0 0 X 0 0 0 0 0 0 0 X 0 0 0 0 X 0 0 0 X 0 0 0 0 0 0 0 0 X 0 X 0 0 0 0 0 X X 0 X X 0 X 0 0 0 0 X 0 X 0 0 0 0 X 0 X X 0 0 X 0 0 0 0 0 0 0 0 0 X X 0 0 0 0 0 X X 0 0 0 0 0 0 0 0 0 0 0 0 X 0 X 0 0 0 0 X 0 0 0 0 0 0 0 0 0 0 0 0 0 0 X 0 0 X 0 0 0 0 0 0 0 0 0 0 0 0 0 0 X 0 0 0 0 0 X X 0 0 0 0 0 0 0 0 0 0 0 0 0 X 0 X X 0 0 0 0 0 0 0 0 0 0 0 X X
X 0 0 0 X 0 X 0 X 0 0 X 0 0 0 X X 0 0 X 0 0 0 0 0 0 0 0 0 0 0 0 0 0 X 0 0 X 0 0 0 0 0 0 X 0 0 0 0 0 0 0 X 0 0 X 0 0 0 X X 0 0 0 X 0 X 0 X X 0 0 0 0 0 X 0 X 0 0 0 0 0 0 0 0 X 0 0 X 0 0 0 0 0 0 0 0 0 X 0 X 0 0 0 0 0 0 0 X 0 0 0 0 0 X X 0 0 X 0 0 0 0 0 0 0 0 X 0 0 0 0 0 0 X 0 0 0 0 0 0 0 0 0 X 0 X X X 0 0 0 0 0 X X 0 X 0 0 0 0 0 0 0 0 0 0 0 0 0 X 0 0 0 X X 0 0 0 0 X 0 0 0 0 0 0 0 0 X 0 0 0 0 0 0 X X
X 0 0 0 0 0 0 0 0 X 0 0 0 0 0 0 0 0 0 0 0 0 X 0 0 0 X 0 0 0 0 0 0 0 0 0 0 0 0 0 0 0 0 0 0 0 0 X 0 0 X X 0 0 0 0 0 0 0 0 0 0 0 0 0 0 X 0 0 X 0 0 0 0 0 0 0 0 0 0 0 0 0 0 0 0 0 X 0 X X 0 0 0 X 0 0 0 0 0 0 X 0 0 0 0 X 0 0 0 0 0 0 0 0 0 X 0 0 0 X 0 0 0 0 0 0 0 0 0 0 X 0 0 0 0 X 0 0 0 0 0 0 0 X 0 0 0 X 0 0 0 0 0 0 0 0 0 0 0 0 0 0 0 0 0 0 0 0 0 0 0 0 X 0 X 0 0 0 0 0 0 X 0 X X 0 X 0 X 0 0 0 0 0 0 X 0 0 X
X 0 0 0 X 0 0 0 0 0 0 0 0 X 0 0 X 0 0 0 0 0 0 0 0 0 0 0 0 0 X X 0 0 0 X 0 0 X 0 X 0 X 0 0 X 0 0 0 X 0 0 X 0 0 X 0 0 0 0 0 0 0 0 0 X 0 X 0 0 0 0 0 0 0 0 0 X 0 0 0 0 0 0 0 0 0 X 0 0 0 0 0 0 0 0 0 0 0 X 0 X 0 0 X 0 0 0 0 0 0 0 0 0 0 0 X 0 X 0 X 0 0 X 0 0 0 0 0 0 0 0 0 X 0 0 0 0 0 0 0 0 0 X 0 0 0 X 0 X 0 0 0 0 0 0 0 0 0 0 0 0 0 0 0 X 0 0 X 0 X 0 0 X 0 0 0 0 0 0 0 X 0 0 0 0 0 X 0 0 0 0 0 X 0 0 0 0 0 X
X X 0 0 0 0 0 0 0 0 0 0 X 0 0 0 0 0 0 X 0 0 0 X 0 0 X 0 0 0 0 X 0 0 0 X X X 0 0 0 0 X 0 X 0 X 0 0 0 0 0 0 0 X 0 0 0 X 0 0 0 0 0 0 0 0 0 0 0 0 0 0 0 0 0 0 0 0 0 0 0 0 0 X 0 0 0 0 0 X 0 0 0 0 0 0 0 0 0 0 0 0 0 0 0 0 0 X 0 0 0 0 0 0 X 0 X 0 0 0 X 0 0 X 0 0 0 0 0 0 0 0 0 0 0 0 0 0 X 0 0 0 0 0 X X 0 X 0 X 0 0 0 X X 0 X 0 X 0 0 0 X 0 0 0 0 0 0 X 0 0 0 X 0 0 0 0 0 0 0 0 0 0 0 X 0 0 0 0 0 0 0 X 0 0 0 X X
X 0 0 0 0 X 0 0 0 0 0 X 0 X 0 0 X 0 0 0 0 0 0 0 X 0 0 0 X 0 0 0 0 X X X X 0 0 X 0 0 X 0 0 0 0 0 0 0 0 0 0 0 0 0 0 X X X 0 0 0 0 0 0 0 0 X 0 0 0 0 0 0 0 0 0 X X 0 0 0 0 0 X X 0 0 0 X X 0 0 0 0 0 0 0 X 0 0 0 X 0 0 X 0 0 0 0 X 0 0 0 0 0 0 0 0 0 0 0 0 0 0 0 X 0 0 0 X 0 0 0 0 0 0 0 X X 0 0 0 0 X X 0 0 0 X 0 0 0 0 0 X 0 0 0 0 0 X X 0 0 0 0 0 0 0 0 0 0 0 0 X 0 0 0 0 0 0 0 0 0 0 X 0 0 0 0 X 0 X 0 0 0 X X
X 0 X X 0 0 0 0 X 0 0 0 0 0 0 0 0 0 0 0 0 0 0 0 0 0 0 0 0 0 0 0 X 0 0 X 0 0 0 0 0 0 X 0 0 0 X 0 0 0 0 0 0 0 X X X 0 0 0 0 0 0 0 0 0 0 0 0 0 0 0 X 0 0 0 0 0 0 0 0 0 0 X 0 0 0 0 X 0 0 0 0 0 0 0 0 0 0 0 0 0 0 X 0 0 0 0 0 0 0 0 0 0 0 X 0 0 0 0 X 0 0 0 0 0 X 0 X 0 0 0 0 0 0 0 0 X X 0 0 0 0 0 0 0 0 0 0 X 0 X 0 0 0 0 X X 0 0 0 0 0 X 0 0 0 0 0 0 0 X 0 0 0 X 0 0 0 0 0 0 0 0 0 0 0 0 0 0 X 0 0 0 0 X 0 X 0 X
X 0 0 0 0 0 0 0 X 0 0 0 X 0 0 X 0 0 0 X 0 X X X 0 0 0 0 X X 0 0 0 0 0 0 X 0 X 0 X 0 X 0 0 0 0 X 0 0 0 0 X 0 0 0 0 0 0 0 0 0 X 0 0 0 0 X 0 0 0 0 0 0 0 0 0 0 0 0 0 0 0 X X 0 0 0 0 0 0 0 0 0 0 X 0 0 0 0 0 0 0 0 0 X 0 0 0 0 0 0 0 0 X 0 X X 0 0 X 0 0 0 0 X X 0 X 0 0 0 0 X 0 X 0 0 0 0 0 0 0 0 0 X 0 0 0 0 0 X 0 0 0 0 0 X 0 0 X 0 0 0 X X 0 0 0 0 0 0 0 0 0 0 X 0 0 0 X X 0 0 0 X 0 0 0 X 0 X 0 0 0 0 0 0 0 X
X X X 0 0 0 0 0 0 0 0 0 0 0 0 0 0 X 0 0 0 X 0 X 0 0 X X 0 X 0 0 0 0 0 0 0 0 0 0 0 X 0 0 0 0 0 0 X 0 X 0 0 0 X 0 0 0 0 0 0 X 0 0 0 X 0 0 0 0 0 0 X X 0 0 0 0 0 X 0 0 0 0 0 0 0 0 0 0 0 0 0 X 0 0 0 X 0 X 0 0 0 0 0 0 0 0 0 0 0 X 0 0 0 0 0 0 0 0 0 0 0 0 0 X 0 X 0 0 X X 0 0 X 0 0 0 X 0 0 0 X 0 0 0 0 X 0 X 0 0 0 X 0 0 0 0 0 0 0 X 0 0 X 0 0 0 0 0 0 0 X 0 0 0 0 0 X 0 0 0 X X X 0 X 0 0 0 0 0 0 0 0 0 X 0 X X
X 0 0 0 0 X 0 0 0 0 0 0 0 X X 0 0 0 0 0 0 0 0 0 0 X 0 0 0 0 0 0 0 X 0 0 0 X 0 X 0 0 0 0 X 0 0 X 0 X 0 0 0 0 0 0 0 0 0 0 0 X 0 0 0 0 X 0 0 0 0 X 0 0 X X X 0 0 X X 0 0 0 0 0 0 0 X 0 0 0 0 0 0 0 0 0 X 0 X 0 0 0 0 0 0 0 X 0 0 0 0 0 0 0 X 0 X 0 0 0 0 0 0 0 0 0 0 0 0 X 0 0 X 0 0 0 0 0 X 0 0 0 0 0 0 X 0 X X X 0 0 X X 0 0 0 0 0 X 0 X 0 0 0 X X X 0 0 0 X 0 0 X 0 0 0 0 0 0 0 0 0 0 X 0 0 0 0 X 0 0 X 0 X 0 X
X 0 0 0 0 0 0 0 0 0 X 0 0 0 0 0 0 X X X 0 0 X 0 0 X 0 0 0 0 0 X 0 0 X 0 0 0 0 0 0 X X 0 0 0 0 X X 0 0 0 X 0 0 0 0 0 0 0 0 X 0 0 X 0 X X 0 X X 0 0 0 0 0 0 X 0 0 0 0 0 0 0 X 0 0 0 0 0 X 0 0 0 0 0 0 X 0 X 0 0 0 0 0 0 0 0 0 0 0 0 0 0 X 0 0 X 0 X 0 0 0 0 0 0 0 0 0 X X 0 X 0 X 0 0 0 X 0 0 0 0 0 0 0 0 X 0 0 0 0 0 0 0 0 0 X X 0 0 X 0 0 X 0 0 0 X 0 0 X 0 X 0 0 0 0 0 X X 0 0 0 0 0 0 0 0 0 0 X 0 0 0 0 0 0 X
X 0 0 0 0 0 0 0 0 0 0 0 X X 0 X 0 0 X 0 0 0 0 0 0 0 0 0 0 0 0 0 X 0 0 X 0 0 0 0 X 0 0 X 0 0 X 0 X 0 0 0 0 0 0 X 0 0 0 X 0 X 0 0 X 0 0 0 0 0 0 0 0 0 0 X 0 0 0 0 0 0 0 X 0 0 0 0 0 0 0 0 0 0 0 X X 0 0 0 0 0 0 0 X 0 0 X 0 0 0 0 0 0 0 0 0 X X 0 0 0 0 0 0 0 0 X 0 0 0 0 0 0 0 0 0 0 0 0 0 X 0 0 0 0 0 0 0 0 0 0 X 0 0 X 0 0 0 0 X 0 X 0 0 0 X 0 0 0 0 0 0 0 0 X 0 0 0 0 0 0 0 0 0 0 0 0 0 0 0 X 0 0 0 0 0 0 0 X
X X 0 0 0 0 0 0 0 0 0 0 0 0 X 0 0 0 X 0 0 0 0 0 0 0 0 0 0 X X 0 0 0 0 0 X 0 0 X X 0 0 X 0 0 0 0 0 0 X 0 0 0 0 X 0 0 X 0 0 X 0 0 0 0 X 0 0 0 0 0 0 X 0 0 0 X 0 0 0 X X 0 0 X X 0 0 0 X 0 0 0 0 0 0 0 0 X 0 0 0 0 0 0 X 0 X 0 0 0 0 0 X 0 0 0 0 X 0 X 0 0 0 0 0 0 0 0 0 X 0 X 0 0 X 0 X 0 0 X 0 0 0 0 0 0 0 X X 0 0 0 0 0 0 0 0 X 0 0 0 0 0 0 X 0 0 X 0 0 0 X 0 0 X 0 0 X 0 X 0 X 0 0 X 0 0 0 0 0 0 X X X 0 X 0 X
X 0 0 0 0 0 0 0 0 0 X 0 0 X 0 0 0 0 0 0 0 X X 0 0 X X 0 0 X X 0 0 0 0 0 0 X X 0 0 X 0 0 0 0 0 0 0 0 0 0 X 0 0 0 X 0 0 X 0 X X 0 0 0 0 X 0 0 X 0 0 0 0 0 0 0 0 0 0 0 X 0 0 X 0 0 0 0 X X 0 0 0 X 0 0 0 0 0 X 0 X 0 0 0 0 X X 0 0 0 0 0 0 0 X 0 0 0 0 0 X 0 0 0 0 0 0 0 X 0 0 0 0 X 0 0 0 X X X 0 0 X X 0 0 0 0 X X X 0 0 0 0 0 0 0 0 0 0 0 0 0 X 0 0 0 0 0 0 0 0 X 0 0 0 X 0 X 0 0 0 0 0 0 0 0 0 0 0 0 0 0 0 0 X
X 0 0 0 X 0 0 0 X 0 0 0 0 0 0 0 0 0 0 0 X X 0 0 0 0 X 0 0 0 0 0 X 0 0 X 0 0 0 0 0 0 X X 0 X 0 0 0 0 0 0 X 0 X 0 0 0 0 0 X 0 0 0 0 0 0 0 0 X 0 0 0 0 0 0 0 X 0 0 X X 0 0 0 0 X 0 0 0 0 0 0 0 0 X 0 X 0 0 0 0 0 0 0 0 0 0 0 0 0 0 0 0 0 0 0 0 0 0 0 0 0 X 0 0 0 X 0 0 0 0 0 0 0 X 0 X 0 0 0 0 0 X 0 0 0 0 0 0 X X 0 0 0 0 0 X 0 0 0 0 0 X 0 0 0 0 X 0 0 0 0 X X 0 0 0 0 0 0 0 0 0 0 X 0 0 0 0 0 0 0 0 0 0 0 0 0 X
X X 0 0 0 X 0 0 0 0 0 0 X 0 0 0 0 0 0 0 X X 0 0 0 0 0 0 0 X 0 0 0 X 0 0 0 0 X 0 0 X X 0 0 X 0 0 0 0 0 X 0 0 0 0 0 0 0 X 0 0 X X 0 0 0 0 X 0 0 X 0 0 0 0 0 0 0 X X X 0 0 0 0 0 0 0 0 0 X X 0 X 0 0 0 0 0 0 X 0 0 X 0 0 0 0 X 0 0 0 0 X 0 0 0 0 0 0 X 0 0 0 X X 0 0 X 0 0 0 0 0 0 0 0 0 0 0 0 0 0 0 0 0 0 0 X 0 X 0 X X 0 0 0 0 0 0 0 0 X 0 0 X 0 0 X 0 X 0 0 X 0 X X 0 0 0 0 X 0 0 0 0 0 0 0 0 0 X 0 0 0 0 0 0 X
X 0 0 0 0 0 0 0 0 0 X 0 0 0 0 0 0 X 0 X 0 X 0 0 0 X 0 0 0 X 0 0 X X 0 X 0 0 0 0 0 0 0 0 0 0 0 0 0 0 0 0 0 0 0 0 0 0 0 0 0 0 0 0 X 0 0 0 0 0 0 0 0 0 0 0 0 X 0 0 0 0 0 0 0 0 0 0 0 0 0 0 0 X X 0 0 0 0 0 X 0 X 0 X 0 0 0 X 0 X 0 X 0 0 0 X 0 0 X 0 0 0 0 X 0 0 0 0 0 0 0 0 0 X X X 0 0 0 X 0 0 X 0 0 0 0 0 0 0 0 0 0 0 X 0 0 0 X 0 X 0 0 0 0 0 0 0 0 0 X 0 0 0 0 0 X 0 0 X X 0 0 X X 0 0 0 X 0 0 0 0 0 0 0 0 0 X
X X 0 0 0 0 0 X 0 X 0 0 0 X 0 0 0 0 0 0 X 0 0 0 0 0 0 0 0 0 0 X 0 0 0 0 0 0 0 X 0 0 X 0 0 0 0 0 0 X 0 X 0 0 X 0 0 0 0 X 0 X X 0 0 0 0 0 0 0 0 0 0 X 0 0 0 X 0 X X 0 0 0 0 0 0 X 0 0 0 0 0 0 0 0 0 0 0 0 0 0 0 X 0 0 X 0 X 0 0 0 0 0 0 X 0 0 0 0 0 0 0 0 0 0 0 X 0 0 X X 0 0 X 0 X X 0 X 0 0 0 X 0 0 0 X 0 0 0 X 0 0 X 0 0 0 0 0 0 0 0 0 0 0 0 0 0 0 0 0 0 X 0 0 0 0 0 0 X 0 0 X X X 0 0 0 0 0 X 0 0 0 0 0 0 0 X
X 0 0 0 0 X 0 0 0 X 0 X 0 X 0 0 0 0 0 0 0 0 0 X 0 0 0 0 0 0 0 0 0 0 0 X 0 0 0 0 X 0 0 0 0 0 0 0 0 0 0 X 0 X X 0 0 0 0 X 0 X 0 0 0 0 0 X 0 0 0 0 0 X 0 0 0 0 0 0 0 0 0 0 0 X 0 0 0 0 X 0 X 0 0 0 X 0 0 0 0 0 0 0 0 0 0 0 0 0 X 0 0 0 0 X 0 X X 0 X 0 0 X 0 X 0 0 0 0 0 0 0 0 0 X 0 0 0 0 X 0 0 0 0 0 0 0 0 0 0 0 X X 0 X X 0 X 0 0 0 0 X 0 0 X 0 X 0 X X 0 0 0 0 0 0 X X 0 0 0 0 X X 0 0 0 0 0 0 0 0 0 0 0 0 0 X
X 0 X 0 0 0 X 0 0 0 X 0 0 0 0 0 0 0 0 0 X 0 0 X X 0 X 0 0 0 0 0 0 0 0 0 0 0 X 0 0 0 0 0 X 0 0 X 0 0 X 0 0 0 0 0 0 0 0 0 0 0 0 0 X 0 0 0 0 0 X 0 0 0 X 0 X X 0 0 0 0 0 X 0 0 0 0 0 0 0 0 X 0 0 X 0 0 0 0 0 X 0 0 0 X 0 0 0 X X 0 X 0 0 0 0 0 0 X X 0 0 0 0 X 0 0 X 0 0 0 0 0 0 0 0 X 0 0 0 0 0 0 0 0 0 X 0 0 X 0 0 0 0 0 0 X 0 X 0 0 X 0 0 0 0 0 0 0 0 0 0 0 0 0 0 0 0 0 X 0 X 0 0 0 0 0 0 X 0 0 0 0 0 0 0 0 X X
X 0 0 0 X 0 X 0 0 0 0 0 0 0 X 0 X 0 0 0 0 X 0 0 0 0 0 0 0 0 0 0 0 0 0 0 0 X 0 0 0 0 0 0 0 0 0 X X 0 0 0 0 0 0 0 X 0 0 X X 0 0 0 0 0 0 X 0 X X 0 0 0 X 0 0 0 X 0 0 0 0 0 0 0 0 X 0 0 0 0 0 0 0 0 X 0 0 X 0 0 X X 0 0 0 0 0 0 0 0 0 0 0 0 0 0 0 0 0 0 0 0 0 X 0 0 0 X X 0 0 0 0 X 0 X 0 0 0 0 0 0 0 0 0 0 0 X 0 X 0 X 0 0 0 X 0 0 X 0 0 0 0 0 X 0 0 0 0 X 0 0 0 0 0 0 0 0 0 0 X 0 0 X 0 0 0 X 0 0 X 0 0 0 0 0 0 X
X 0 0 0 0 X 0 X X 0 0 0 0 0 0 0 0 0 0 0 0 0 X 0 0 X X 0 0 0 X 0 X X 0 0 X 0 0 X 0 0 0 0 0 X 0 X 0 0 0 0 0 X 0 0 X X 0 X 0 X 0 0 0 0 0 0 0 0 X 0 0 0 0 X 0 X 0 0 X 0 X 0 X X 0 0 0 0 0 0 0 0 0 X X 0 X 0 X 0 0 0 0 0 0 0 X 0 0 0 X 0 X 0 0 0 X 0 0 0 X X X 0 0 X 0 0 0 0 0 0 0 0 X 0 0 0 0 0 X 0 0 0 0 0 0 0 0 X X X 0 0 0 0 0 0 0 0 0 0 X 0 0 0 0 0 0 0 0 0 0 X 0 0 0 X 0 0 0 X 0 0 0 0 0 X 0 0 0 0 0 0 0 0 0 X
X X 0 0 0 0 0 0 0 0 0 0 0 0 0 0 0 0 0 X 0 0 X 0 X 0 X X X X 0 0 0 0 0 0 0 X 0 0 0 0 0 0 0 0 0 0 0 X 0 0 0 0 0 0 X 0 0 0 0 0 0 X X 0 0 X 0 X 0 0 0 X 0 0 0 0 0 0 0 0 0 0 X 0 0 0 0 0 0 0 0 0 0 0 0 0 0 0 0 0 X 0 0 0 X 0 0 0 X 0 X 0 0 X 0 0 0 0 X 0 0 0 0 0 0 0 X 0 0 0 0 0 0 0 0 0 0 0 0 X X X 0 X 0 X X X 0 0 0 0 0 0 0 0 X 0 0 0 0 0 X 0 0 X X X 0 0 0 0 0 0 0 0 0 0 0 X X X 0 0 0 0 X 0 0 0 0 0 X 0 0 0 X X
X 0 0 X 0 0 0 0 0 0 X X 0 0 X X 0 0 0 0 0 0 0 0 X 0 0 0 0 X 0 0 0 0 0 0 0 0 0 0 0 0 X 0 0 0 0 0 0 0 0 0 0 X 0 0 X 0 0 0 0 0 0 0 0 0 0 X X 0 0 0 0 0 0 0 0 0 0 0 X X 0 0 0 0 0 0 0 0 0 0 0 0 0 0 X 0 0 0 0 0 X 0 X 0 X 0 X X 0 X 0 0 0 X 0 0 0 0 0 0 X 0 0 X 0 X X 0 0 X X 0 0 0 0 0 0 X 0 0 X 0 0 X 0 0 X X 0 X 0 0 X 0 0 0 0 X X 0 0 0 0 0 0 0 0 0 0 0 0 0 0 0 X X X 0 0 0 0 0 0 0 0 0 0 0 0 X 0 0 0 0 0 0 0 X
X 0 X 0 0 X 0 0 0 0 0 0 X 0 0 0 0 X 0 0 0 X 0 0 X 0 0 0 0 0 0 0 0 0 0 X 0 X X 0 0 0 X 0 0 X 0 X X 0 0 0 0 0 X 0 0 X 0 0 0 0 0 0 X 0 X 0 0 0 0 0 0 0 0 0 0 X X X X X 0 0 0 0 0 0 0 X 0 X X X 0 0 0 0 0 X 0 0 0 0 0 0 0 0 0 0 0 0 X 0 0 0 0 0 X 0 0 0 0 X X X X 0 0 0 0 0 0 0 0 0 0 0 0 0 0 X X 0 0 0 0 0 X 0 0 0 0 0 0 0 0 0 0 0 0 X X 0 0 0 X 0 0 X 0 0 0 0 0 X 0 0 0 0 X X 0 0 X 0 0 0 0 0 0 X X 0 0 0 0 0 0 X
X 0 0 0 0 X X 0 0 0 0 0 X 0 X 0 X 0 X X 0 0 0 0 0 0 0 X 0 X 0 0 0 0 X 0 0 0 0 0 0 X 0 0 0 0 0 0 0 0 X 0 0 0 0 0 0 0 0 0 0 0 0 0 0 X 0 0 0 0 0 X 0 X 0 0 X 0 0 X 0 0 0 X 0 0 0 0 0 0 0 0 X 0 0 0 0 X 0 0 0 0 0 0 0 0 0 0 0 0 X 0 0 0 0 0 0 0 0 0 0 0 0 0 0 0 0 0 0 0 0 0 0 0 0 0 X 0 0 X X 0 0 0 0 0 0 0 X 0 0 0 X 0 0 0 0 0 0 X 0 0 0 0 0 0 0 X X X 0 0 0 X 0 0 X 0 0 0 X 0 0 0 0 X 0 0 0 0 X 0 0 0 0 0 X 0 0 X
X 0 X 0 0 0 0 0 0 0 0 0 X 0 0 X 0 0 X 0 0 0 X 0 0 0 X 0 0 0 0 0 0 0 X 0 0 0 0 0 0 0 0 0 0 0 0 0 0 0 X X 0 0 0 0 0 0 0 0 0 0 0 0 0 X 0 X 0 0 0 0 0 0 X 0 0 0 0 0 0 0 0 0 0 0 X 0 0 0 X 0 X 0 0 0 0 0 X 0 0 0 0 0 0 0 X 0 0 X 0 0 0 0 X 0 X 0 X 0 0 X X 0 0 0 0 0 0 0 0 0 0 0 0 0 X X 0 0 0 0 0 0 0 X 0 0 X X 0 0 0 0 0 0 0 0 0 0 X 0 X 0 0 0 0 0 0 0 X 0 0 0 0 0 0 0 0 0 0 0 0 0 0 0 0 0 X 0 0 0 0 0 0 0 0 0 0 X
X 0 X 0 0 0 0 0 0 0 0 0 X 0 0 X X 0 0 0 X 0 0 X 0 0 0 0 X 0 0 0 0 0 0 X X 0 X 0 X X 0 0 0 X 0 0 0 0 0 0 0 X 0 0 0 0 0 0 X 0 0 0 0 X 0 0 0 0 0 0 X 0 0 0 0 0 0 X 0 0 0 0 0 0 0 0 0 0 0 0 0 0 0 0 0 0 0 X 0 X 0 0 0 0 0 0 0 0 X X X 0 0 0 0 0 0 X 0 X 0 0 0 0 0 X 0 0 0 0 0 X 0 0 0 0 0 0 0 0 0 0 0 0 X 0 0 0 0 0 X 0 X 0 0 0 0 0 X 0 0 X X X 0 0 0 0 0 X 0 0 0 0 0 0 0 0 0 0 0 0 0 X X 0 0 0 0 X 0 X X X 0 X 0 X
X 0 0 0 0 0 0 X 0 0 X 0 0 0 0 X 0 X 0 0 X 0 0 0 0 0 0 0 0 0 0 0 0 0 0 X X 0 0 X 0 X 0 0 0 0 0 0 X 0 0 0 0 0 0 X 0 0 0 0 0 0 X 0 X X 0 X 0 0 0 X X 0 0 0 0 X 0 0 0 0 0 X X 0 0 X 0 0 0 X 0 X 0 0 0 X 0 0 0 0 0 0 0 X X 0 0 0 0 0 0 X 0 0 0 0 0 0 0 0 0 0 0 0 0 X 0 X 0 0 0 0 0 0 X 0 0 0 0 0 0 0 X 0 0 0 0 0 0 0 0 0 0 X 0 X 0 0 0 0 0 X 0 0 X 0 0 0 0 0 0 0 X 0 0 0 0 X 0 X 0 0 X X 0 X X 0 0 X X 0 0 0 0 0 X X
X 0 0 X 0 0 0 0 0 0 X X 0 0 0 0 0 0 0 0 0 X X 0 0 0 X 0 0 0 0 X X 0 0 0 X 0 X 0 0 0 X 0 0 0 0 X 0 X 0 0 0 X X 0 X X 0 0 X 0 X 0 X X 0 0 0 0 X X 0 0 X 0 0 0 0 0 0 0 0 0 X X X X 0 0 0 0 0 0 0 X 0 0 X 0 0 0 X 0 0 0 0 0 0 0 0 X 0 0 0 0 0 0 0 0 0 0 0 0 0 0 X 0 X 0 0 0 0 0 0 0 0 X X X X 0 X 0 0 0 0 X 0 X X 0 0 0 0 0 0 0 0 0 0 0 X 0 0 0 0 0 0 X 0 0 0 X 0 0 0 0 0 0 X 0 0 0 0 0 0 0 0 0 0 0 0 X 0 X 0 0 0 X
X 0 X 0 0 0 0 0 X 0 0 0 0 X 0 X 0 0 0 0 0 0 0 0 0 X 0 0 0 0 0 X 0 0 X 0 0 X X 0 X 0 0 0 0 0 0 0 0 0 X X 0 X X 0 X 0 X 0 X 0 X X 0 0 X 0 0 0 X 0 0 0 0 0 0 0 X 0 0 0 0 0 0 0 X 0 0 X 0 0 0 X X 0 0 0 0 0 X 0 0 X 0 0 0 0 0 0 X 0 0 0 0 0 X X 0 X 0 0 0 0 0 0 0 0 0 0 0 0 0 0 0 0 0 0 0 0 0 0 0 0 0 0 0 0 0 0 0 X 0 X 0 0 0 X 0 X 0 0 0 X X 0 0 0 0 0 0 0 0 0 0 0 0 0 0 0 0 X 0 0 0 0 X 0 0 0 0 0 0 X 0 0 0 0 0 X
X 0 X 0 0 X 0 0 0 X 0 0 0 X 0 0 0 X 0 0 0 X 0 0 0 0 0 0 0 0 0 0 0 0 0 X 0 X 0 0 X 0 0 X 0 0 X X 0 0 0 0 0 0 0 0 0 0 0 0 0 0 0 0 0 0 0 0 X 0 X 0 0 0 0 0 0 0 0 0 X 0 0 0 0 0 X 0 X 0 X 0 0 0 0 0 0 0 X 0 0 X X 0 X 0 0 0 X 0 X 0 0 0 0 X X 0 0 0 0 X 0 0 0 X 0 0 0 0 0 0 0 0 X X X 0 0 0 0 0 0 0 X 0 0 0 0 0 0 X 0 0 0 0 X X 0 0 X 0 0 0 X 0 0 0 0 0 0 0 0 0 0 0 0 0 X X X 0 X 0 0 X X 0 0 0 0 X 0 0 0 X 0 0 0 X
X 0 0 0 0 0 0 0 0 0 0 X 0 0 0 X 0 0 0 X X X 0 0 0 X 0 X 0 X 0 0 0 0 0 0 0 0 0 X 0 0 X 0 0 0 X 0 0 0 X X 0 0 X 0 X 0 0 0 0 0 0 0 0 0 0 0 0 0 0 X 0 X X 0 0 X 0 0 0 X 0 0 0 X 0 0 0 0 0 0 0 0 0 0 0 0 0 0 X 0 0 0 0 0 0 X 0 0 X 0 0 0 0 0 0 0 0 0 X X X 0 0 0 X 0 X 0 0 X 0 X X 0 0 0 0 X 0 0 0 0 0 0 0 0 0 X 0 0 0 0 X 0 0 0 0 0 0 0 0 0 X 0 0 0 X 0 0 0 X 0 X 0 X 0 X 0 X X 0 0 X X 0 0 0 0 0 0 0 0 0 0 X 0 0 X
X 0 0 X X 0 X 0 0 0 0 0 X 0 0 0 X X 0 0 0 X 0 X 0 0 X 0 0 0 0 0 0 0 0 0 0 0 0 0 0 0 0 0 0 0 0 X 0 X 0 X 0 0 0 0 0 0 0 0 0 0 0 0 X 0 X 0 X 0 0 0 X 0 0 0 0 0 0 X 0 0 0 0 0 0 0 0 X 0 X 0 0 X 0 0 0 0 0 0 0 X X X 0 0 0 X 0 0 0 0 0 X 0 0 0 0 0 0 0 X 0 X 0 0 X 0 0 X 0 0 0 0 X 0 0 X X 0 0 0 0 0 0 X 0 0 0 X X 0 0 0 0 X 0 0 0 0 0 0 0 0 X 0 0 0 0 0 0 0 0 0 0 0 0 0 0 0 0 0 0 0 X X 0 0 0 0 0 X 0 X 0 0 X 0 0 0
X X X X X X X X X X X X X X X X X X X X X X X X X X X X X X X X X X X X X X X X X X X X X X X X X X X X X X X X X X X X X X X X X X X X X X X X X X X X X X X X X X X X X X X X X X X X X X X X X X X X X X X X X X X X X X X X X X X X X X X X X X X X X X X X X X X X X X X X X X X X X X X X X X X X X X X X X X X X X X X X X X X X X X X X X X X X X X X X X X X X X X X X X X X X X X X X X X X X X X S X
Camino encontrado: (1, 0) -> (1, 1) -> (1, 2) -> (1, 3) -> (2, 3) -> (2, 2) -> (2, 1) -> (3, 1) -> (4, 1) -> (5, 1) -> (5, 2) -> (5, 3) -> (5, 4) -> (5, 5) -> (5, 6) -> (5, 7) -> (5, 8) -> (5, 9) -> (5, 10) -> (4, 10) -> (3, 10) -> (2, 10) -> (1, 10) -> (1, 11) -> (2, 11) -> (3, 11) -> (4, 11) -> (4, 12) -> (3, 12) -> (2, 12) -> (2, 13) -> (2, 14) -> (2, 15) -> (1, 15) -> (1, 16) -> (1, 17) -> (1, 18) -> (1, 19) -> (1, 20) -> (1, 21) -> (1, 22) -> (1, 23) -> (1, 24) -> (1, 25) -> (1, 26) -> (1, 27) -> (2, 27) -> (2, 26) -> (2, 25) -> (2, 24) -> (3, 24) -> (4, 24) -> (5, 24) -> (6, 24) -> (7, 24) -> (7, 23) -> (8, 23) -> (9, 23) -> (10, 23) -> (11, 23) -> (12, 23) -> (13, 23) -> (14, 23) -> (15, 23) -> (16, 23) -> (17, 23) -> (18, 23) -> (19, 23) -> (20, 23) -> (21, 23) -> (22, 23) -> (23, 23) -> (23, 24) -> (23, 25) -> (22, 25) -> (21, 25) -> (20, 25) -> (20, 24) -> (19, 24) -> (18, 24) -> (17, 24) -> (16, 24) -> (15, 24) -> (14, 24) -> (13, 24) -> (12, 24) -> (11, 24) -> (10, 24) -> (10, 25) -> (10, 26) -> (10, 27) -> (10, 28) -> (10, 29) -> (10, 30) -> (10, 31) -> (10, 32) -> (10, 33) -> (10, 34) -> (10, 35) -> (10, 36) -> (10, 37) -> (10, 38) -> (10, 39) -> (10, 40) -> (10, 41) -> (9, 41) -> (9, 40) -> (9, 39) -> (9, 38) -> (9, 37) -> (9, 36) -> (9, 35) -> (9, 34) -> (9, 33) -> (9, 32) -> (9, 31) -> (9, 30) -> (9, 29) -> (9, 28) -> (8, 28) -> (7, 28) -> (6, 28) -> (5, 28) -> (4, 28) -> (4, 29) -> (4, 30) -> (4, 31) -> (4, 32) -> (3, 32) -> (2, 32) -> (1, 32) -> (1, 33) -> (1, 34) -> (1, 35) -> (1, 36) -> (2, 36) -> (2, 37) -> (2, 38) -> (2, 39) -> (2, 40) -> (2, 41) -> (2, 42) -> (2, 43) -> (2, 44) -> (2, 45) -> (2, 46) -> (2, 47) -> (2, 48) -> (2, 49) -> (2, 50) -> (2, 51) -> (1, 51) -> (1, 52) -> (1, 53) -> (2, 53) -> (3, 53) -> (3, 52) -> (3, 51) -> (3, 50) -> (3, 49) -> (3, 48) -> (3, 47) -> (3, 46) -> (3, 45) -> (3, 44) -> (4, 44) -> (5, 44) -> (6, 44) -> (7, 44) -> (8, 44) -> (8, 45) -> (8, 46) -> (8, 47) -> (9, 47) -> (10, 47) -> (11, 47) -> (12, 47) -> (13, 47) -> (13, 48) -> (13, 49) -> (13, 50) -> (14, 50) -> (15, 50) -> (16, 50) -> (17, 50) -> (18, 50) -> (19, 50) -> (20, 50) -> (21, 50) -> (22, 50) -> (23, 50) -> (23, 51) -> (23, 52) -> (23, 53) -> (23, 54) -> (23, 55) -> (23, 56) -> (23, 57) -> (23, 58) -> (23, 59) -> (23, 60) -> (23, 61) -> (23, 62) -> (22, 62) -> (21, 62) -> (20, 62) -> (19, 62) -> (19, 61) -> (20, 61) -> (21, 61) -> (22, 61) -> (22, 60) -> (22, 59) -> (22, 58) -> (21, 58) -> (20, 58) -> (19, 58) -> (18, 58) -> (17, 58) -> (16, 58) -> (15, 58) -> (14, 58) -> (13, 58) -> (12, 58) -> (12, 57) -> (13, 57) -> (14, 57) -> (15, 57) -> (16, 57) -> (17, 57) -> (18, 57) -> (19, 57) -> (20, 57) -> (21, 57) -> (21, 56) -> (21, 55) -> (21, 54) -> (21, 53) -> (21, 52) -> (21, 51) -> (20, 51) -> (19, 51) -> (18, 51) -> (17, 51) -> (16, 51) -> (15, 51) -> (14, 51) -> (14, 52) -> (13, 52) -> (13, 53) -> (13, 54) -> (13, 55) -> (12, 55) -> (11, 55) -> (10, 55) -> (9, 55) -> (8, 55) -> (7, 55) -> (6, 55) -> (6, 56) -> (6, 57) -> (6, 58) -> (6, 59) -> (5, 59) -> (5, 58) -> (5, 57) -> (5, 56) -> (4, 56) -> (3, 56) -> (3, 57) -> (3, 58) -> (3, 59) -> (3, 60) -> (3, 61) -> (3, 62) -> (2, 62) -> (2, 63) -> (2, 64) -> (2, 65) -> (2, 66) -> (2, 67) -> (2, 68) -> (2, 69) -> (2, 70) -> (2, 71) -> (2, 72) -> (2, 73) -> (2, 74) -> (2, 75) -> (2, 76) -> (2, 77) -> (1, 77) -> (1, 78) -> (1, 79) -> (2, 79) -> (3, 79) -> (4, 79) -> (5, 79) -> (6, 79) -> (7, 79) -> (8, 79) -> (8, 80) -> (8, 81) -> (8, 82) -> (8, 83) -> (8, 84) -> (8, 85) -> (8, 86) -> (8, 87) -> (8, 88) -> (8, 89) -> (7, 89) -> (6, 89) -> (6, 88) -> (7, 88) -> (7, 87) -> (7, 86) -> (7, 85) -> (7, 84) -> (7, 83) -> (6, 83) -> (5, 83) -> (4, 83) -> (3, 83) -> (2, 83) -> (2, 84) -> (2, 85) -> (2, 86) -> (2, 87) -> (2, 88) -> (2, 89) -> (2, 90) -> (2, 91) -> (2, 92) -> (2, 93) -> (2, 94) -> (2, 95) -> (1, 95) -> (1, 96) -> (1, 97) -> (1, 98) -> (1, 99) -> (2, 99) -> (3, 99) -> (4, 99) -> (4, 100) -> (4, 101) -> (4, 102) -> (4, 103) -> (4, 104) -> (3, 104) -> (2, 104) -> (1, 104) -> (1, 105) -> (1, 106) -> (2, 106) -> (3, 106) -> (4, 106) -> (5, 106) -> (6, 106) -> (7, 106) -> (7, 107) -> (7, 108) -> (7, 109) -> (7, 110) -> (7, 111) -> (7, 112) -> (7, 113) -> (7, 114) -> (7, 115) -> (6, 115) -> (5, 115) -> (4, 115) -> (3, 115) -> (2, 115) -> (2, 116) -> (2, 117) -> (2, 118) -> (2, 119) -> (2, 120) -> (2, 121) -> (3, 121) -> (4, 121) -> (4, 122) -> (4, 123) -> (4, 124) -> (3, 124) -> (3, 125) -> (3, 126) -> (3, 127) -> (3, 128) -> (3, 129) -> (3, 130) -> (3, 131) -> (3, 132) -> (3, 133) -> (3, 134) -> (3, 135) -> (3, 136) -> (4, 136) -> (5, 136) -> (5, 137) -> (6, 137) -> (6, 138) -> (6, 139) -> (6, 140) -> (6, 141) -> (5, 141) -> (5, 140) -> (4, 140) -> (3, 140) -> (2, 140) -> (1, 140) -> (1, 141) -> (1, 142) -> (2, 142) -> (3, 142) -> (4, 142) -> (5, 142) -> (5, 143) -> (5, 144) -> (5, 145) -> (4, 145) -> (3, 145) -> (3, 146) -> (3, 147) -> (3, 148) -> (3, 149) -> (3, 150) -> (3, 151) -> (3, 152) -> (3, 153) -> (3, 154) -> (3, 155) -> (3, 156) -> (3, 157) -> (3, 158) -> (4, 158) -> (4, 157) -> (5, 157) -> (6, 157) -> (7, 157) -> (8, 157) -> (9, 157) -> (10, 157) -> (11, 157) -> (11, 158) -> (11, 159) -> (11, 160) -> (11, 161) -> (11, 162) -> (12, 162) -> (13, 162) -> (14, 162) -> (15, 162) -> (15, 163) -> (15, 164) -> (15, 165) -> (15, 166) -> (14, 166) -> (13, 166) -> (12, 166) -> (12, 167) -> (12, 168) -> (12, 169) -> (12, 170) -> (12, 171) -> (12, 172) -> (12, 173) -> (12, 174) -> (12, 175) -> (12, 176) -> (12, 177) -> (12, 178) -> (12, 179) -> (12, 180) -> (11, 180) -> (10, 180) -> (10, 179) -> (10, 178) -> (10, 177) -> (10, 176) -> (10, 175) -> (11, 175) -> (11, 174) -> (11, 173) -> (11, 172) -> (10, 172) -> (9, 172) -> (8, 172) -> (7, 172) -> (6, 172) -> (5, 172) -> (4, 172) -> (3, 172) -> (2, 172) -> (1, 172) -> (1, 173) -> (2, 173) -> (3, 173) -> (4, 173) -> (4, 174) -> (4, 175) -> (3, 175) -> (2, 175) -> (1, 175) -> (1, 176) -> (1, 177) -> (2, 177) -> (3, 177) -> (4, 177) -> (5, 177) -> (6, 177) -> (6, 178) -> (6, 179) -> (6, 180) -> (6, 181) -> (6, 182) -> (5, 182) -> (4, 182) -> (4, 183) -> (5, 183) -> (5, 184) -> (5, 185) -> (4, 185) -> (3, 185) -> (3, 186) -> (3, 187) -> (3, 188) -> (3, 189) -> (3, 190) -> (3, 191) -> (3, 192) -> (3, 193) -> (4, 193) -> (5, 193) -> (5, 194) -> (5, 195) -> (6, 195) -> (7, 195) -> (7, 194) -> (8, 194) -> (9, 194) -> (9, 195) -> (9, 196) -> (9, 197) -> (9, 198) -> (10, 198) -> (11, 198) -> (11, 197) -> (11, 196) -> (12, 196) -> (13, 196) -> (14, 196) -> (14, 197) -> (15, 197) -> (15, 198) -> (16, 198) -> (17, 198) -> (18, 198) -> (19, 198) -> (19, 197) -> (19, 196) -> (18, 196) -> (17, 196) -> (16, 196) -> (16, 195) -> (16, 194) -> (16, 193) -> (16, 192) -> (16, 191) -> (16, 190) -> (16, 189) -> (16, 188) -> (16, 187) -> (16, 186) -> (17, 186) -> (18, 186) -> (19, 186) -> (19, 187) -> (18, 187) -> (18, 188) -> (18, 189) -> (18, 190) -> (18, 191) -> (18, 192) -> (19, 192) -> (20, 192) -> (21, 192) -> (22, 192) -> (23, 192) -> (24, 192) -> (25, 192) -> (26, 192) -> (26, 193) -> (26, 194) -> (26, 195) -> (26, 196) -> (26, 197) -> (26, 198) -> (27, 198) -> (28, 198) -> (29, 198) -> (30, 198) -> (31, 198) -> (32, 198) -> (33, 198) -> (34, 198) -> (34, 197) -> (34, 196) -> (34, 195) -> (34, 194) -> (34, 193) -> (34, 192) -> (35, 192) -> (36, 192) -> (37, 192) -> (38, 192) -> (39, 192) -> (40, 192) -> (41, 192) -> (42, 192) -> (42, 191) -> (43, 191) -> (44, 191) -> (45, 191) -> (46, 191) -> (47, 191) -> (48, 191) -> (48, 190) -> (48, 189) -> (49, 189) -> (50, 189) -> (51, 189) -> (52, 189) -> (53, 189) -> (54, 189) -> (55, 189) -> (56, 189) -> (56, 188) -> (56, 187) -> (56, 186) -> (56, 185) -> (56, 184) -> (56, 183) -> (56, 182) -> (56, 181) -> (56, 180) -> (56, 179) -> (55, 179) -> (54, 179) -> (53, 179) -> (52, 179) -> (51, 179) -> (50, 179) -> (50, 178) -> (50, 177) -> (50, 176) -> (50, 175) -> (50, 174) -> (50, 173) -> (51, 173) -> (52, 173) -> (53, 173) -> (54, 173) -> (55, 173) -> (56, 173) -> (57, 173) -> (58, 173) -> (59, 173) -> (60, 173) -> (61, 173) -> (62, 173) -> (63, 173) -> (64, 173) -> (65, 173) -> (66, 173) -> (67, 173) -> (67, 174) -> (67, 175) -> (67, 176) -> (67, 177) -> (67, 178) -> (66, 178) -> (65, 178) -> (65, 177) -> (65, 176) -> (66, 176) -> (66, 175) -> (66, 174) -> (65, 174) -> (64, 174) -> (64, 175) -> (64, 176) -> (63, 176) -> (62, 176) -> (61, 176) -> (60, 176) -> (59, 176) -> (58, 176) -> (57, 176) -> (56, 176) -> (55, 176) -> (54, 176) -> (53, 176) -> (52, 176) -> (51, 176) -> (51, 177) -> (52, 177) -> (53, 177) -> (54, 177) -> (55, 177) -> (56, 177) -> (57, 177) -> (58, 177) -> (59, 177) -> (60, 177) -> (61, 177) -> (61, 178) -> (61, 179) -> (62, 179) -> (63, 179) -> (64, 179) -> (65, 179) -> (66, 179) -> (66, 180) -> (66, 181) -> (65, 181) -> (64, 181) -> (64, 180) -> (63, 180) -> (62, 180) -> (62, 181) -> (62, 182) -> (62, 183) -> (62, 184) -> (63, 184) -> (64, 184) -> (65, 184) -> (65, 183) -> (66, 183) -> (67, 183) -> (67, 184) -> (68, 184) -> (68, 185) -> (68, 186) -> (68, 187) -> (68, 188) -> (67, 188) -> (66, 188) -> (65, 188) -> (64, 188) -> (63, 188) -> (62, 188) -> (61, 188) -> (60, 188) -> (59, 188) -> (58, 188) -> (58, 189) -> (58, 190) -> (58, 191) -> (58, 192) -> (57, 192) -> (56, 192) -> (56, 191) -> (55, 191) -> (54, 191) -> (53, 191) -> (52, 191) -> (51, 191) -> (50, 191) -> (50, 192) -> (50, 193) -> (49, 193) -> (48, 193) -> (48, 194) -> (48, 195) -> (48, 196) -> (49, 196) -> (50, 196) -> (51, 196) -> (52, 196) -> (53, 196) -> (54, 196) -> (55, 196) -> (56, 196) -> (56, 197) -> (56, 198) -> (57, 198) -> (58, 198) -> (59, 198) -> (60, 198) -> (61, 198) -> (61, 197) -> (61, 196) -> (62, 196) -> (62, 195) -> (62, 194) -> (63, 194) -> (64, 194) -> (65, 194) -> (66, 194) -> (67, 194) -> (68, 194) -> (69, 194) -> (69, 195) -> (69, 196) -> (69, 197) -> (70, 197) -> (70, 198) -> (71, 198) -> (72, 198) -> (73, 198) -> (74, 198) -> (75, 198) -> (76, 198) -> (76, 197) -> (75, 197) -> (74, 197) -> (73, 197) -> (72, 197) -> (72, 196) -> (72, 195) -> (72, 194) -> (72, 193) -> (72, 192) -> (72, 191) -> (72, 190) -> (72, 189) -> (72, 188) -> (72, 187) -> (72, 186) -> (72, 185) -> (72, 184) -> (72, 183) -> (72, 182) -> (72, 181) -> (72, 180) -> (73, 180) -> (74, 180) -> (75, 180) -> (76, 180) -> (77, 180) -> (78, 180) -> (79, 180) -> (80, 180) -> (81, 180) -> (81, 179) -> (81, 178) -> (81, 177) -> (81, 176) -> (81, 175) -> (81, 174) -> (81, 173) -> (81, 172) -> (81, 171) -> (81, 170) -> (81, 169) -> (81, 168) -> (81, 167) -> (80, 167) -> (79, 167) -> (78, 167) -> (77, 167) -> (76, 167) -> (76, 166) -> (77, 166) -> (78, 166) -> (79, 166) -> (80, 166) -> (80, 165) -> (80, 164) -> (80, 163) -> (80, 162) -> (80, 161) -> (81, 161) -> (81, 160) -> (81, 159) -> (80, 159) -> (79, 159) -> (78, 159) -> (77, 159) -> (76, 159) -> (76, 158) -> (76, 157) -> (76, 156) -> (76, 155) -> (77, 155) -> (78, 155) -> (79, 155) -> (80, 155) -> (81, 155) -> (82, 155) -> (83, 155) -> (84, 155) -> (85, 155) -> (86, 155) -> (87, 155) -> (87, 156) -> (87, 157) -> (87, 158) -> (87, 159) -> (87, 160) -> (87, 161) -> (87, 162) -> (87, 163) -> (87, 164) -> (87, 165) -> (87, 166) -> (88, 166) -> (89, 166) -> (90, 166) -> (90, 165) -> (90, 164) -> (91, 164) -> (92, 164) -> (93, 164) -> (93, 165) -> (93, 166) -> (93, 167) -> (93, 168) -> (93, 169) -> (93, 170) -> (93, 171) -> (93, 172) -> (93, 173) -> (92, 173) -> (91, 173) -> (90, 173) -> (89, 173) -> (88, 173) -> (87, 173) -> (86, 173) -> (85, 173) -> (84, 173) -> (83, 173) -> (82, 173) -> (82, 174) -> (82, 175) -> (83, 175) -> (84, 175) -> (84, 176) -> (83, 176) -> (83, 177) -> (83, 178) -> (83, 179) -> (83, 180) -> (83, 181) -> (83, 182) -> (83, 183) -> (83, 184) -> (83, 185) -> (82, 185) -> (81, 185) -> (80, 185) -> (79, 185) -> (78, 185) -> (77, 185) -> (76, 185) -> (75, 185) -> (74, 185) -> (74, 186) -> (74, 187) -> (75, 187) -> (76, 187) -> (77, 187) -> (77, 188) -> (77, 189) -> (77, 190) -> (76, 190) -> (76, 189) -> (76, 188) -> (75, 188) -> (75, 189) -> (74, 189) -> (73, 189) -> (73, 190) -> (73, 191) -> (74, 191) -> (75, 191) -> (75, 192) -> (75, 193) -> (76, 193) -> (77, 193) -> (78, 193) -> (79, 193) -> (80, 193) -> (81, 193) -> (81, 192) -> (81, 191) -> (81, 190) -> (81, 189) -> (81, 188) -> (82, 188) -> (83, 188) -> (84, 188) -> (85, 188) -> (86, 188) -> (87, 188) -> (88, 188) -> (89, 188) -> (89, 187) -> (89, 186) -> (89, 185) -> (89, 184) -> (90, 184) -> (90, 185) -> (90, 186) -> (91, 186) -> (92, 186) -> (93, 186) -> (93, 187) -> (93, 188) -> (93, 189) -> (93, 190) -> (92, 190) -> (91, 190) -> (90, 190) -> (90, 191) -> (91, 191) -> (92, 191) -> (92, 192) -> (91, 192) -> (91, 193) -> (91, 194) -> (91, 195) -> (90, 195) -> (89, 195) -> (88, 195) -> (88, 194) -> (88, 193) -> (87, 193) -> (86, 193) -> (85, 193) -> (84, 193) -> (84, 194) -> (84, 195) -> (83, 195) -> (82, 195) -> (81, 195) -> (80, 195) -> (80, 196) -> (80, 197) -> (80, 198) -> (81, 198) -> (82, 198) -> (82, 197) -> (82, 196) -> (83, 196) -> (83, 197) -> (84, 197) -> (85, 197) -> (86, 197) -> (87, 197) -> (88, 197) -> (89, 197) -> (90, 197) -> (91, 197) -> (92, 197) -> (93, 197) -> (94, 197) -> (95, 197) -> (96, 197) -> (97, 197) -> (98, 197) -> (98, 198) -> (99, 198) -> (100, 198) -> (100, 197) -> (100, 196) -> (100, 195) -> (100, 194) -> (100, 193) -> (100, 192) -> (100, 191) -> (100, 190) -> (100, 189) -> (100, 188) -> (100, 187) -> (100, 186) -> (100, 185) -> (100, 184) -> (100, 183) -> (100, 182) -> (100, 181) -> (101, 181) -> (102, 181) -> (103, 181) -> (103, 182) -> (103, 183) -> (103, 184) -> (103, 185) -> (102, 185) -> (102, 186) -> (102, 187) -> (102, 188) -> (102, 189) -> (102, 190) -> (102, 191) -> (102, 192) -> (102, 193) -> (102, 194) -> (101, 194) -> (101, 195) -> (101, 196) -> (102, 196) -> (102, 197) -> (103, 197) -> (104, 197) -> (105, 197) -> (106, 197) -> (107, 197) -> (108, 197) -> (109, 197) -> (110, 197) -> (111, 197) -> (112, 197) -> (113, 197) -> (114, 197) -> (115, 197) -> (116, 197) -> (117, 197) -> (118, 197) -> (119, 197) -> (120, 197) -> (121, 197) -> (121, 198) -> (122, 198) -> (123, 198) -> (124, 198) -> (125, 198) -> (126, 198) -> (127, 198) -> (128, 198) -> (129, 198) -> (130, 198) -> (130, 197) -> (130, 196) -> (130, 195) -> (130, 194) -> (131, 194) -> (132, 194) -> (133, 194) -> (134, 194) -> (135, 194) -> (136, 194) -> (137, 194) -> (138, 194) -> (139, 194) -> (140, 194) -> (141, 194) -> (142, 194) -> (143, 194) -> (144, 194) -> (145, 194) -> (146, 194) -> (147, 194) -> (148, 194) -> (149, 194) -> (150, 194) -> (151, 194) -> (151, 195) -> (151, 196) -> (151, 197) -> (151, 198) -> (152, 198) -> (153, 198) -> (154, 198) -> (155, 198) -> (155, 197) -> (155, 196) -> (155, 195) -> (156, 195) -> (157, 195) -> (157, 194) -> (157, 193) -> (157, 192) -> (157, 191) -> (157, 190) -> (157, 189) -> (156, 189) -> (156, 190) -> (156, 191) -> (156, 192) -> (156, 193) -> (155, 193) -> (154, 193) -> (153, 193) -> (152, 193) -> (151, 193) -> (150, 193) -> (149, 193) -> (149, 192) -> (149, 191) -> (149, 190) -> (150, 190) -> (151, 190) -> (152, 190) -> (153, 190) -> (153, 189) -> (154, 189) -> (154, 188) -> (154, 187) -> (154, 186) -> (154, 185) -> (154, 184) -> (154, 183) -> (154, 182) -> (154, 181) -> (154, 180) -> (154, 179) -> (154, 178) -> (154, 177) -> (154, 176) -> (154, 175) -> (154, 174) -> (154, 173) -> (154, 172) -> (154, 171) -> (154, 170) -> (154, 169) -> (154, 168) -> (154, 167) -> (154, 166) -> (154, 165) -> (154, 164) -> (154, 163) -> (155, 163) -> (156, 163) -> (156, 164) -> (156, 165) -> (157, 165) -> (158, 165) -> (159, 165) -> (160, 165) -> (161, 165) -> (162, 165) -> (163, 165) -> (163, 166) -> (163, 167) -> (163, 168) -> (163, 169) -> (163, 170) -> (163, 171) -> (163, 172) -> (164, 172) -> (165, 172) -> (165, 173) -> (165, 174) -> (165, 175) -> (165, 176) -> (165, 177) -> (165, 178) -> (165, 179) -> (165, 180) -> (165, 181) -> (165, 182) -> (164, 182) -> (163, 182) -> (163, 181) -> (162, 181) -> (161, 181) -> (160, 181) -> (159, 181) -> (158, 181) -> (157, 181) -> (156, 181) -> (155, 181) -> (155, 182) -> (155, 183) -> (155, 184) -> (155, 185) -> (155, 186) -> (156, 186) -> (157, 186) -> (158, 186) -> (158, 187) -> (158, 188) -> (159, 188) -> (160, 188) -> (161, 188) -> (162, 188) -> (162, 187) -> (162, 186) -> (162, 185) -> (162, 184) -> (162, 183) -> (163, 183) -> (164, 183) -> (164, 184) -> (164, 185) -> (164, 186) -> (164, 187) -> (165, 187) -> (166, 187) -> (166, 188) -> (166, 189) -> (166, 190) -> (165, 190) -> (164, 190) -> (163, 190) -> (162, 190) -> (161, 190) -> (161, 189) -> (160, 189) -> (159, 189) -> (159, 190) -> (158, 190) -> (158, 191) -> (158, 192) -> (158, 193) -> (158, 194) -> (159, 194) -> (160, 194) -> (161, 194) -> (162, 194) -> (163, 194) -> (164, 194) -> (165, 194) -> (166, 194) -> (167, 194) -> (168, 194) -> (168, 195) -> (168, 196) -> (168, 197) -> (169, 197) -> (170, 197) -> (170, 196) -> (171, 196) -> (172, 196) -> (172, 195) -> (172, 194) -> (172, 193) -> (172, 192) -> (173, 192) -> (173, 193) -> (173, 194) -> (174, 194) -> (175, 194) -> (176, 194) -> (176, 195) -> (176, 196) -> (176, 197) -> (176, 198) -> (177, 198) -> (178, 198) -> (179, 198) -> (180, 198) -> (181, 198) -> (182, 198) -> (183, 198) -> (183, 197) -> (183, 196) -> (183, 195) -> (183, 194) -> (183, 193) -> (183, 192) -> (183, 191) -> (183, 190) -> (183, 189) -> (183, 188) -> (183, 187) -> (183, 186) -> (184, 186) -> (185, 186) -> (186, 186) -> (187, 186) -> (188, 186) -> (189, 186) -> (190, 186) -> (191, 186) -> (191, 187) -> (190, 187) -> (189, 187) -> (188, 187) -> (188, 188) -> (188, 189) -> (188, 190) -> (187, 190) -> (186, 190) -> (185, 190) -> (184, 190) -> (184, 191) -> (184, 192) -> (184, 193) -> (184, 194) -> (184, 195) -> (184, 196) -> (184, 197) -> (185, 197) -> (186, 197) -> (187, 197) -> (188, 197) -> (189, 197) -> (190, 197) -> (191, 197) -> (191, 196) -> (191, 195) -> (191, 194) -> (191, 193) -> (191, 192) -> (191, 191) -> (191, 190) -> (191, 189) -> (192, 189) -> (193, 189) -> (194, 189) -> (195, 189) -> (196, 189) -> (197, 189) -> (198, 189) -> (198, 190) -> (197, 190) -> (196, 190) -> (195, 190) -> (194, 190) -> (194, 191) -> (194, 192) -> (195, 192) -> (196, 192) -> (197, 192) -> (197, 193) -> (197, 194) -> (196, 194) -> (195, 194) -> (194, 194) -> (193, 194) -> (193, 195) -> (193, 196) -> (193, 197) -> (194, 197) -> (195, 197) -> (196, 197) -> (197, 197) -> (198, 197) -> (198, 198) -> (199, 198)
Tiempo de ejecución: 3.5965 milisegundos
