Laberinto:
X X X X X X X X X X X X X X X X X X X X X X X X X X X X X X X X X X X X X X X X X X X X X X X X X X X X X X X X X X X X X X X X X X X X X X X X X X X X X X X X X X X X X X X X X X X X X X X X X X X X X X X X X X X X X X X X X X X X X X X X X X X X X X X X X X X X X X X X X X X X X X X X X X X X X X X X X X X X X X X X X X X X X X X X X X X X X X X X X X X X X X X X X X X X X X X X X X X X X X X X
E 0 0 0 0 X 0 X X 0 0 X 0 X 0 0 0 0 0 X 0 0 0 X 0 0 0 X 0 0 0 0 0 0 X 0 0 0 X 0 0 0 X 0 0 0 0 0 0 0 0 0 0 0 X 0 0 0 X 0 0 0 0 0 0 X X 0 0 0 0 X 0 0 0 0 X 0 0 X 0 0 0 0 0 0 X X 0 0 0 0 0 X 0 0 0 0 0 0 0 0 X X 0 X 0 0 0 0 0 0 0 0 0 0 0 0 0 0 0 0 0 X X 0 0 0 X X X 0 0 0 X 0 0 0 0 0 0 0 X 0 0 0 X 0 0 0 0 0 0 X 0 0 0 0 X 0 0 0 0 X 0 0 0 0 0 0 0 0 0 0 0 X 0 0 0 0 0 0 0 0 0 0 0 0 0 0 0 X 0 0 0 0 0 X 0 X
X 0 0 0 0 0 0 X 0 X 0 0 X 0 0 0 0 0 X 0 0 X 0 0 0 0 0 X 0 X 0 0 0 0 0 0 X 0 0 0 X 0 0 0 X 0 0 0 0 0 0 0 X 0 X 0 0 0 X 0 0 0 0 X 0 0 0 X 0 0 0 0 X 0 X 0 0 X 0 0 0 0 0 0 0 0 0 0 0 0 0 X 0 0 X 0 0 0 0 X X 0 X 0 0 0 0 0 0 X 0 X 0 0 0 0 0 0 X 0 0 0 0 0 0 X 0 0 X 0 0 0 X 0 0 0 0 0 X 0 X 0 0 0 X X 0 0 0 0 0 X X 0 0 X 0 0 0 0 0 0 0 0 0 X X 0 0 0 0 X 0 0 0 0 0 0 0 X 0 0 0 X X 0 0 0 0 0 X 0 0 X 0 X 0 0 0 X
X 0 0 0 0 0 0 0 0 X 0 0 0 0 0 X X 0 0 0 0 X 0 X 0 0 X 0 0 0 0 0 0 0 0 0 0 0 0 0 0 0 0 0 0 0 0 0 X X 0 X 0 0 0 0 0 0 0 0 0 0 0 0 X 0 0 0 0 0 0 0 0 0 0 0 X 0 0 0 X 0 0 X 0 0 X X 0 0 0 0 X X 0 0 0 X 0 X X 0 0 0 0 0 0 0 0 0 0 0 0 X 0 0 X X 0 0 0 0 0 0 0 0 X 0 0 0 0 0 0 0 0 0 0 0 X 0 X 0 0 0 0 X 0 0 0 0 X 0 0 X 0 0 0 0 0 0 X X 0 0 0 0 X 0 0 0 X X 0 0 0 0 0 0 X 0 0 0 0 X 0 0 0 0 0 X X 0 0 0 0 0 X X 0 X
X X X 0 0 X 0 X 0 X X 0 0 0 0 X 0 X 0 0 0 0 0 X 0 X 0 0 0 0 0 0 0 0 X 0 X 0 0 0 0 0 0 X 0 0 0 X X 0 X 0 0 0 0 0 0 0 0 0 0 0 0 X 0 0 X X 0 0 0 0 0 X 0 0 0 X 0 X 0 0 X 0 X 0 0 0 0 0 0 0 0 X 0 X 0 X X 0 X X 0 0 0 0 X 0 0 0 0 X 0 0 0 X 0 X X 0 0 X X 0 0 0 0 X 0 0 0 0 0 0 0 0 0 0 0 0 0 0 X 0 0 0 0 0 0 X X 0 0 0 0 X 0 0 0 0 0 0 X 0 0 X 0 0 0 X 0 0 0 X X 0 0 0 X 0 0 X 0 0 X 0 0 0 0 0 0 0 0 X X 0 0 0 0 X
X 0 0 X 0 0 0 0 0 0 0 0 0 0 0 0 X X 0 0 0 0 0 0 X 0 0 0 X 0 0 0 0 0 X 0 0 0 0 0 0 0 X X 0 0 0 X 0 0 0 0 X 0 0 X 0 0 0 0 X 0 0 0 0 0 X 0 0 0 0 0 0 0 X 0 0 0 0 0 0 0 0 0 X X 0 0 X 0 0 0 X X 0 X 0 0 0 0 0 0 0 0 0 X 0 0 0 0 0 0 X 0 0 0 X 0 0 0 0 0 0 0 0 0 X 0 0 0 0 0 0 X 0 0 0 X 0 0 0 0 0 0 0 0 X 0 0 0 0 0 0 0 0 0 0 0 X X X 0 0 0 0 0 0 0 0 0 0 0 0 0 0 0 0 0 0 0 0 0 0 0 X 0 0 0 0 0 X 0 X 0 0 0 0 0 0 X
X 0 0 0 0 0 0 0 0 0 0 0 0 0 X X 0 X 0 0 0 0 X 0 0 0 0 0 0 0 0 0 0 0 0 0 0 X 0 0 X X 0 0 0 0 0 0 0 0 0 0 0 0 0 0 0 X 0 0 0 0 0 X 0 X 0 0 0 0 X 0 0 0 0 0 0 0 0 0 X 0 0 0 0 0 0 0 0 0 0 0 0 X 0 0 X 0 0 0 0 0 0 0 0 X 0 0 X 0 0 0 0 0 0 0 0 X 0 0 0 0 0 0 0 X 0 0 X 0 0 0 0 0 X 0 0 0 0 0 0 0 0 0 0 0 0 0 0 0 0 0 0 0 0 0 0 0 X 0 X X 0 0 0 0 0 X X X 0 0 0 X 0 0 0 X 0 0 0 X 0 X 0 X X 0 0 0 0 0 0 0 0 0 0 0 0 X
X X X 0 X 0 0 0 0 0 0 0 0 0 0 0 0 0 0 0 0 0 0 0 X X 0 0 0 0 0 X 0 0 0 0 0 0 0 X 0 0 0 X 0 X 0 0 0 0 0 X X 0 0 0 0 0 0 X X 0 0 0 0 0 0 0 0 X 0 0 0 X 0 0 0 0 X X 0 X 0 0 0 0 0 0 0 0 0 0 0 X X 0 0 0 0 X 0 0 0 0 0 0 0 0 0 X 0 0 X 0 X 0 0 0 0 0 X 0 0 0 0 0 0 0 0 0 0 0 X 0 X 0 0 0 0 0 X 0 0 0 0 0 0 X 0 0 0 0 0 0 X 0 0 0 0 0 0 0 0 0 0 0 0 0 0 0 0 0 0 0 0 0 0 X X 0 0 X X 0 X 0 0 0 X 0 0 0 0 0 0 0 0 X 0 X
X 0 0 0 0 0 0 0 X 0 0 X 0 0 0 0 0 0 0 0 0 0 X 0 0 0 0 0 0 0 0 0 0 0 0 0 0 0 0 X X 0 0 0 0 X 0 0 0 0 0 X 0 X 0 0 0 X 0 X 0 0 0 0 0 0 0 0 0 0 0 0 0 0 0 0 0 0 0 X 0 X X X X X 0 0 0 0 0 0 0 X X X X 0 0 X 0 0 0 0 0 0 X 0 0 X 0 0 X 0 0 0 0 X X 0 0 0 0 0 0 0 0 0 X 0 0 0 0 X 0 0 0 0 0 X 0 X 0 0 X 0 0 0 X X X 0 0 0 0 0 0 0 X X 0 0 X 0 0 0 X 0 0 0 0 0 0 X 0 0 0 0 X X 0 0 X 0 X X 0 0 0 X 0 0 X 0 0 0 X 0 0 X
X X 0 X 0 0 0 0 0 0 0 0 X X 0 0 0 0 0 0 0 0 X X 0 0 0 0 0 X 0 0 0 X X 0 0 X X 0 0 X X 0 0 0 0 0 0 0 0 0 0 0 0 0 X 0 0 0 0 0 0 X X 0 0 0 X 0 0 0 0 0 0 0 0 X 0 0 0 0 0 0 0 0 0 X 0 X 0 0 X X 0 0 0 X 0 0 0 0 0 0 0 X X X X 0 0 X 0 0 X X 0 X X 0 0 X 0 0 X 0 0 0 0 0 0 0 X X 0 0 0 X X 0 X X 0 X X X X 0 0 0 X 0 0 0 0 0 0 0 0 0 0 X 0 X 0 0 X X 0 0 0 0 X 0 0 0 0 0 0 0 0 0 0 0 0 0 0 0 X 0 0 X 0 0 0 X 0 X 0 X
X 0 0 X 0 0 0 0 0 0 X 0 X 0 0 0 0 0 0 0 0 0 0 0 0 0 0 X 0 0 X 0 0 0 0 0 0 X 0 0 0 0 0 0 0 0 0 0 0 0 0 0 0 0 0 0 X 0 0 0 X 0 0 0 X 0 X 0 0 0 X 0 0 X X 0 0 0 0 0 0 0 X 0 0 0 0 0 X 0 0 0 0 0 0 0 0 0 X X 0 0 X 0 X 0 X X X 0 X X X X X 0 0 0 X 0 X 0 X 0 0 0 0 0 0 0 X 0 0 0 0 0 0 0 X X 0 X 0 0 0 0 0 X 0 X 0 X 0 0 X 0 X 0 0 0 0 0 0 0 0 X 0 0 X 0 0 0 0 0 0 0 X 0 0 0 0 0 0 0 0 0 0 0 0 0 0 X X 0 0 0 0 X 0 X
X X 0 0 0 X 0 0 X 0 X 0 0 0 0 0 0 0 0 X X 0 X 0 0 X 0 0 X X X 0 0 0 0 0 0 0 0 X 0 0 0 0 0 X 0 0 0 0 0 X 0 0 0 X X 0 0 0 0 0 X 0 0 0 0 0 0 0 0 0 X 0 0 0 0 0 0 0 0 0 0 0 X X X 0 0 0 0 0 X 0 0 X 0 0 X X 0 0 X 0 0 0 0 0 0 0 0 0 0 0 X 0 0 X 0 X 0 0 0 0 X 0 X 0 X 0 0 0 0 0 0 X 0 0 0 X 0 X 0 0 0 0 0 0 0 0 0 0 0 0 0 0 0 X 0 0 0 X X 0 0 0 0 0 0 X X X 0 0 X 0 0 0 0 0 0 0 X 0 0 0 0 0 0 0 0 0 X 0 0 0 X 0 0 X
X 0 0 0 0 0 X 0 0 0 0 0 0 X 0 0 0 X 0 X 0 0 0 0 0 0 0 0 0 0 0 X 0 0 0 0 X 0 0 X 0 0 0 0 0 X X 0 0 0 0 X 0 0 0 0 0 0 0 0 0 0 0 0 0 0 0 0 0 0 0 0 0 0 0 0 0 X 0 X 0 0 0 0 0 0 0 0 0 0 0 0 0 0 0 X 0 0 0 0 X 0 0 0 0 0 X 0 0 0 0 X 0 0 0 0 0 0 0 X 0 0 0 0 0 0 0 0 0 0 X 0 0 0 0 X 0 0 0 X 0 0 0 X 0 0 0 X 0 X 0 X 0 0 0 0 0 0 0 0 0 0 0 0 0 X X 0 0 0 0 0 X 0 0 0 0 0 0 0 0 0 0 0 0 0 0 0 0 0 X 0 0 0 0 0 0 0 0 X
X X 0 0 0 0 0 X 0 0 X X X X 0 0 X 0 0 0 0 0 0 X 0 X 0 0 0 0 0 0 X 0 0 0 0 0 0 0 0 X 0 X X 0 0 X 0 0 0 X 0 X X 0 0 0 0 0 0 0 0 0 X X 0 0 0 X X 0 0 0 0 X 0 0 0 0 0 0 0 0 0 0 0 0 0 0 0 0 0 0 0 0 0 X X 0 0 0 X 0 0 X 0 0 0 X 0 0 0 X 0 X 0 0 0 0 X 0 0 0 X 0 0 0 0 0 0 0 0 0 X X 0 X 0 0 0 0 0 X 0 0 X 0 X 0 0 X 0 X 0 0 0 X 0 0 0 0 0 0 0 0 0 0 0 0 X 0 X 0 0 0 0 X 0 0 0 0 X X 0 0 0 0 0 0 0 0 0 0 0 0 0 X 0 X
X 0 0 0 X X 0 0 0 0 X X 0 0 X 0 0 0 0 X 0 0 0 0 0 0 X 0 0 0 0 0 0 0 0 0 X 0 0 0 X X 0 X 0 0 0 0 0 0 0 0 0 0 0 0 0 X X X 0 0 0 X 0 0 0 X 0 0 0 0 0 0 0 0 0 0 0 0 0 X 0 0 X 0 0 0 0 0 0 0 0 0 X 0 X 0 0 0 0 0 0 0 0 0 X 0 0 0 0 0 0 0 0 0 X 0 0 0 0 X 0 0 0 0 X 0 0 X 0 0 0 0 0 0 0 X 0 0 0 0 X 0 0 0 0 0 0 0 0 0 X 0 0 0 0 0 X X X 0 0 0 0 0 0 0 0 0 0 0 0 0 0 0 0 0 0 0 X 0 0 0 0 0 0 X X 0 X X 0 0 0 0 0 0 0 X
X 0 X 0 0 0 0 X 0 0 0 0 0 0 0 0 0 0 0 0 0 0 0 0 X X 0 X 0 0 0 0 X 0 0 0 0 0 0 X X 0 0 X 0 0 X 0 0 X 0 0 0 0 0 X 0 0 0 0 0 X 0 0 0 X 0 0 0 0 0 0 0 0 0 0 X X X 0 X 0 0 0 0 X 0 0 0 0 0 0 0 0 0 X 0 0 0 X 0 X 0 0 0 0 0 0 0 X 0 0 0 0 0 0 0 0 0 0 0 0 0 X 0 0 X 0 0 0 0 0 0 0 0 0 0 X 0 0 X 0 0 0 0 0 0 X 0 0 X 0 0 0 0 0 0 0 0 0 0 0 0 X 0 0 0 X 0 0 0 0 0 0 0 X 0 0 0 0 0 0 0 X 0 0 0 0 0 0 0 0 X 0 0 X X 0 0 X
X X 0 0 0 0 X X X 0 X X 0 0 0 0 X 0 0 0 0 X 0 X 0 X X 0 0 0 0 0 0 X 0 X 0 X 0 0 0 0 0 0 0 0 0 0 0 0 0 X 0 X 0 X 0 X 0 0 0 X 0 0 0 0 0 0 0 0 0 X 0 X 0 0 0 0 0 0 0 0 0 0 0 0 0 0 0 0 0 0 0 0 0 0 0 0 0 0 0 0 X 0 0 0 0 0 0 0 0 X 0 0 X 0 0 0 X 0 0 0 0 X 0 0 X 0 0 0 0 0 X 0 0 X X 0 0 0 X 0 X 0 0 X 0 0 X 0 0 0 0 0 0 0 X 0 X 0 X X 0 0 0 0 0 0 0 X 0 X 0 0 X 0 0 0 0 0 0 X 0 0 0 0 0 0 X 0 0 0 0 0 0 0 X 0 0 X
X X 0 0 0 0 X X X 0 0 0 0 0 0 X 0 0 0 0 0 0 0 0 0 0 0 0 X X 0 0 0 0 0 X 0 0 0 0 X 0 0 0 0 0 X 0 0 0 X 0 0 X 0 0 0 0 X 0 X 0 0 0 0 0 0 0 0 X 0 0 0 X 0 0 0 0 0 0 0 X 0 0 0 0 0 X 0 0 0 X 0 0 0 0 0 X 0 X 0 X 0 0 X X 0 0 0 0 0 X 0 0 0 X 0 0 0 X 0 0 0 0 0 0 X 0 X 0 0 0 X 0 0 0 0 0 0 0 0 0 0 0 X X 0 X 0 X 0 0 0 X X 0 0 X 0 0 0 0 X 0 0 0 X 0 0 0 0 X 0 0 0 0 0 0 0 0 0 0 0 0 0 0 X 0 0 X 0 0 X 0 0 X 0 0 X X
X X 0 0 0 0 0 0 0 0 X 0 0 X 0 0 X 0 0 0 0 0 0 X X 0 X 0 0 0 0 0 X X X X 0 0 X X 0 0 0 0 X 0 0 0 0 0 0 0 X 0 X 0 0 0 0 0 0 0 X 0 0 0 0 0 0 0 X X 0 0 0 0 X 0 X X 0 0 X 0 0 0 X 0 X 0 0 0 0 0 0 0 0 0 0 0 0 0 0 0 0 0 X 0 0 0 0 0 0 0 0 X 0 0 0 0 X 0 0 X X 0 0 0 0 0 0 0 0 0 0 0 0 0 0 0 0 0 0 0 0 0 0 0 0 0 0 0 X X 0 X X 0 0 0 X 0 X 0 X X 0 0 X 0 X X 0 0 0 0 0 0 0 0 X 0 X 0 0 0 0 X 0 X 0 X 0 0 0 X 0 0 X X
X X X X 0 0 0 X 0 X 0 0 0 0 0 0 0 X 0 0 X 0 0 X 0 0 0 0 X 0 0 0 X X X 0 0 X X 0 0 0 0 X 0 0 0 0 0 0 0 0 0 0 0 0 0 0 0 0 0 0 X 0 0 0 0 0 0 X 0 0 0 0 X 0 0 X 0 X 0 0 0 X 0 0 0 X X X 0 0 0 X 0 X 0 0 X X 0 X X 0 0 0 0 0 X 0 0 X 0 0 0 0 0 0 0 0 0 0 0 0 0 0 0 X X 0 X X 0 0 0 0 0 0 0 0 X 0 0 0 X 0 0 0 X 0 X X X 0 X X 0 X 0 0 0 0 0 0 0 0 X 0 0 0 0 X 0 0 X 0 0 0 0 0 0 0 X 0 0 0 0 0 0 0 0 X X 0 0 0 0 0 0 X
X 0 0 0 0 X 0 X 0 0 0 0 0 X 0 0 0 0 0 X 0 0 0 0 0 0 0 0 0 0 0 0 X 0 0 0 0 X X 0 0 X 0 X 0 0 0 X X 0 0 0 X 0 X 0 0 X 0 0 0 0 X 0 0 0 0 0 X X 0 X 0 0 0 X 0 0 X 0 0 0 0 0 0 0 0 0 X 0 0 0 0 X 0 X X 0 0 X 0 X X 0 0 0 0 X 0 0 0 0 0 0 X X 0 0 X X 0 0 X 0 0 X 0 0 0 0 0 0 X 0 0 0 X X 0 0 0 0 0 0 X X 0 0 X X 0 0 X 0 0 0 X 0 0 0 0 0 0 0 0 0 0 0 0 0 0 X 0 0 0 0 0 0 0 X X 0 0 0 X 0 0 0 0 0 X 0 0 0 0 0 0 0 0 X
X X X 0 0 0 0 X X 0 0 0 X 0 X 0 0 0 0 0 0 0 0 0 X 0 0 0 0 0 0 0 0 0 X X 0 0 X 0 0 0 0 0 X X 0 0 0 X 0 0 0 0 0 0 0 0 X 0 X X 0 0 0 0 0 0 0 0 0 0 X 0 X 0 0 0 0 X 0 0 0 0 0 0 0 0 X X 0 0 X 0 0 X 0 0 0 0 0 0 0 0 0 0 0 0 0 0 0 0 0 0 0 0 0 0 0 0 0 0 0 0 0 0 X 0 X 0 0 0 X 0 0 0 0 0 0 X 0 0 0 0 0 0 0 0 X 0 0 0 X 0 X 0 0 0 0 0 0 0 0 0 0 X 0 X 0 X 0 0 0 0 X X X 0 0 0 0 0 0 0 0 0 0 X 0 0 0 X 0 X 0 0 0 X X X
X 0 X 0 X 0 X 0 X 0 0 0 0 X 0 0 0 X 0 0 0 X 0 0 0 0 0 X 0 X 0 0 0 0 X X 0 0 0 0 X 0 0 0 0 0 0 0 0 0 0 0 0 0 X 0 0 0 0 X 0 0 0 0 0 0 X 0 X 0 X 0 0 0 0 0 0 0 0 0 0 0 0 0 0 0 0 0 0 X 0 0 X X 0 X 0 0 0 0 0 0 0 0 0 0 0 0 0 0 0 X 0 0 0 0 0 0 0 X 0 0 0 X X 0 0 0 0 0 0 X 0 0 0 0 0 0 0 0 X 0 0 0 0 0 0 X X 0 0 0 X 0 0 0 0 0 0 X 0 0 0 0 0 0 X 0 X 0 0 0 0 X 0 0 0 0 0 0 0 0 0 0 0 X 0 0 0 0 0 X 0 X 0 0 0 X 0 X
X 0 0 0 0 X X 0 0 0 X X 0 X 0 0 0 0 X 0 X X 0 0 0 0 0 0 0 0 0 0 0 0 X X X 0 X 0 0 X 0 0 0 0 0 0 0 0 0 0 0 0 0 0 0 X X 0 0 0 0 X X 0 0 0 0 0 0 X 0 0 0 0 X 0 0 0 0 0 0 0 0 0 0 0 0 0 X X 0 0 0 X 0 0 0 0 0 0 0 X 0 X 0 X X 0 0 0 0 0 0 0 X 0 0 X 0 X X 0 0 0 0 0 0 0 0 0 X 0 0 0 0 X X X 0 0 0 0 0 0 0 0 0 0 X 0 0 0 X 0 0 X 0 0 0 0 0 X 0 X X X 0 0 0 0 0 0 0 0 0 0 X 0 0 0 0 0 0 0 X 0 X 0 0 0 0 X 0 0 0 X 0 X
X X 0 0 0 0 0 X 0 0 0 0 0 0 X 0 0 0 0 0 0 X 0 0 X 0 X 0 0 0 0 0 0 0 0 0 0 0 X 0 X 0 0 X 0 0 0 0 0 X X 0 X 0 0 0 0 X 0 0 0 0 0 0 0 0 X 0 0 0 0 0 0 0 0 0 0 X X 0 0 X 0 0 0 X 0 X 0 0 0 0 0 X 0 0 0 X 0 X 0 0 X 0 X 0 0 X 0 0 0 0 0 0 X 0 0 0 0 X X 0 0 0 0 X 0 0 0 0 X 0 X 0 0 0 0 0 0 0 0 0 0 0 X 0 0 0 0 0 0 0 0 X X 0 X 0 X 0 0 0 0 0 0 X 0 0 0 0 X 0 0 0 0 0 0 X 0 0 0 X X 0 0 0 0 0 X 0 0 0 0 X 0 0 0 0 X X
X X 0 0 X 0 X 0 0 0 0 0 0 X 0 0 0 0 0 0 0 0 0 0 X 0 0 0 0 0 X 0 0 X X 0 X X 0 X 0 0 0 X 0 0 0 0 X 0 0 0 0 0 0 0 X 0 0 0 0 X X 0 0 X X X 0 X 0 0 0 0 0 X X X X 0 0 0 0 0 0 0 0 0 X 0 0 0 0 0 0 0 0 X 0 X 0 0 0 0 0 0 X 0 0 0 0 0 0 0 0 0 X 0 0 0 0 0 0 0 0 X 0 0 0 0 0 0 0 X X 0 X X 0 0 0 0 0 X 0 0 X 0 0 0 X 0 0 X 0 0 0 0 0 0 X 0 0 0 0 X 0 0 0 0 X 0 X X 0 0 X 0 0 0 0 0 0 0 0 X 0 0 0 0 0 0 0 0 X 0 0 0 0 X
X X 0 0 0 0 0 0 X 0 0 0 0 X 0 0 X X 0 0 X 0 0 X X 0 0 0 X 0 0 0 0 0 0 0 X X X 0 0 0 0 0 0 0 0 0 0 0 0 0 0 0 0 X 0 0 0 0 0 0 0 0 0 X 0 X 0 0 0 0 X 0 0 0 0 0 0 0 0 X 0 X 0 0 X 0 0 0 0 X 0 0 0 0 0 0 X 0 0 0 0 0 X 0 X X 0 0 0 0 0 0 0 0 0 0 X 0 0 0 0 0 X 0 X 0 0 X X X 0 0 0 0 0 0 0 0 0 0 0 X 0 0 0 0 0 0 X 0 0 0 0 X X 0 0 0 0 0 0 0 0 0 0 X X 0 X 0 0 0 0 X 0 0 0 0 X 0 0 0 0 0 0 0 0 0 0 0 0 0 0 0 X 0 X X
X 0 0 0 X X 0 0 0 0 0 0 0 0 0 0 0 0 0 0 0 0 0 0 0 0 X 0 0 0 0 0 X 0 0 0 0 0 0 0 0 0 X 0 0 X X 0 0 0 0 0 0 0 X 0 0 0 0 0 0 X X X 0 0 0 0 0 0 0 X X 0 X X 0 X 0 X 0 0 X 0 0 0 0 0 0 0 0 X 0 X 0 0 X 0 X 0 X X 0 X 0 0 X 0 0 0 0 0 0 X X 0 0 0 X 0 0 X 0 0 X 0 0 0 0 X 0 0 0 0 0 0 0 X 0 0 0 0 0 0 0 0 0 0 0 0 0 0 0 X 0 0 0 X 0 0 0 X X 0 0 0 0 0 0 0 0 0 X 0 0 X 0 0 0 0 0 0 0 0 0 0 0 X 0 0 0 0 0 0 0 0 0 0 0 X
X 0 0 0 0 X 0 0 X 0 0 0 0 X 0 X X 0 0 0 0 0 0 0 0 0 0 0 0 0 0 0 0 0 0 X 0 0 0 0 0 0 X 0 X 0 0 0 0 0 X 0 X 0 0 0 0 0 0 0 0 X 0 0 0 X 0 0 0 0 0 0 X 0 0 0 0 0 0 0 0 0 0 0 0 0 X 0 0 0 0 0 0 0 0 0 X 0 0 0 0 0 0 0 0 0 0 0 0 0 X 0 0 0 0 X 0 X 0 0 0 0 0 X 0 0 0 X X 0 0 0 0 0 0 0 0 0 0 0 X 0 X 0 X X 0 0 0 0 X 0 0 0 0 0 0 0 0 0 0 0 0 0 0 0 0 0 0 0 X 0 0 0 0 X 0 0 0 0 0 0 0 X 0 0 X 0 0 0 0 0 0 0 0 0 0 0 0 X
X 0 0 0 0 0 0 X X 0 X 0 X 0 0 0 0 0 0 X 0 X 0 X 0 0 X 0 0 0 0 X 0 0 0 0 0 0 0 0 X X 0 0 0 0 0 0 0 0 X X 0 0 0 X 0 0 0 0 0 0 0 0 0 X 0 0 0 0 0 0 0 0 0 0 0 0 X X 0 0 0 0 0 0 0 0 X 0 0 0 0 0 0 0 0 X 0 0 X 0 0 0 X 0 0 0 0 0 0 0 0 X 0 0 0 0 0 0 0 0 0 0 X 0 X X 0 0 0 0 0 X 0 0 0 X 0 0 0 0 0 0 0 0 0 0 0 0 0 0 0 0 0 0 0 X 0 0 X X 0 X 0 0 X 0 X 0 0 0 0 0 X 0 0 0 0 0 X 0 X X X X X 0 0 X 0 0 0 X 0 0 0 0 0 X
X X 0 0 0 0 0 0 0 X 0 0 0 0 0 0 0 0 0 X 0 0 0 0 0 0 0 0 0 0 0 0 0 0 0 0 0 0 0 0 0 X 0 0 0 0 X 0 0 0 X 0 0 0 0 0 X 0 0 0 X X 0 0 0 0 0 0 0 0 0 0 0 X X X 0 0 X X 0 0 0 0 0 0 X 0 X 0 0 0 0 0 0 0 X 0 0 0 0 0 0 0 0 X 0 X 0 0 X 0 0 X 0 0 0 0 0 0 0 X 0 0 0 0 X 0 X 0 0 X 0 0 0 0 0 0 0 X 0 X 0 0 X 0 X 0 0 0 0 0 X 0 0 0 0 0 0 0 0 0 0 0 0 0 0 0 0 0 0 0 X 0 X 0 X 0 0 0 0 0 0 0 0 X 0 X 0 0 X X 0 0 X X 0 0 X X
X X 0 0 0 0 0 0 0 X 0 0 0 X 0 0 0 0 0 0 X X 0 X X 0 0 X 0 0 0 0 X 0 0 0 0 0 0 0 0 0 0 0 0 0 0 0 0 X 0 0 0 0 X 0 0 0 0 X 0 X 0 0 0 0 X 0 X 0 X 0 0 0 X X X 0 0 0 0 0 0 0 0 0 X 0 0 0 0 X 0 0 0 0 X X 0 0 0 0 X X 0 0 X X 0 0 0 0 0 X X 0 0 X 0 0 0 0 0 X 0 0 0 0 0 0 0 0 0 X X 0 0 0 0 0 0 0 0 0 0 0 0 0 0 0 0 0 0 0 X 0 0 X 0 X 0 X X 0 0 0 0 X 0 X 0 0 0 X X 0 0 0 0 X 0 0 0 0 X 0 0 0 0 0 X 0 0 0 0 0 0 0 0 X
X X 0 0 X 0 X 0 0 0 0 0 0 0 X X X 0 0 0 0 0 X 0 0 0 0 0 0 0 0 0 0 X 0 0 0 0 0 X 0 0 X 0 X 0 0 0 0 0 0 0 0 X 0 0 0 0 X 0 0 0 0 X 0 0 0 X 0 X X 0 0 0 0 X 0 0 0 0 0 0 0 0 0 0 0 0 X 0 0 0 0 0 0 0 X X 0 0 0 0 X 0 0 0 0 0 0 X 0 0 X 0 0 0 0 0 0 0 0 0 0 X X 0 0 0 0 0 0 0 0 0 0 0 0 X X 0 0 0 X 0 0 0 0 0 0 0 X 0 X 0 X 0 0 0 X 0 0 0 0 X X X 0 X X 0 X 0 0 0 0 0 0 0 X 0 X 0 X 0 X 0 0 0 0 X 0 0 0 0 0 0 0 0 0 X
X 0 0 0 0 0 0 0 0 0 0 0 0 X 0 0 X 0 0 X X 0 X 0 0 0 0 X 0 0 0 0 0 X X X 0 0 X 0 0 0 0 0 0 0 X 0 X X 0 0 0 0 0 0 0 0 0 0 X X 0 X 0 0 X 0 X X 0 0 0 0 0 0 X 0 0 0 X X 0 0 0 X 0 0 0 0 0 0 X 0 0 0 0 X 0 0 0 0 0 0 X X 0 0 0 0 X X 0 0 0 0 0 0 0 X 0 0 0 0 0 0 0 0 0 0 0 0 0 X X 0 0 X 0 0 0 0 0 0 X 0 0 0 0 0 0 0 0 0 0 0 0 X 0 0 0 X X 0 0 0 0 0 0 0 0 0 0 0 0 0 X 0 0 0 0 X 0 0 0 X 0 0 0 0 0 0 0 X X 0 X 0 X X
X 0 X 0 0 0 X 0 0 0 X 0 X 0 0 0 0 0 0 0 0 X 0 0 0 0 0 0 0 0 0 0 0 0 0 X 0 0 X 0 0 0 0 0 0 X 0 X X X 0 0 0 0 0 0 0 0 0 X 0 0 0 0 0 0 0 0 0 X 0 0 0 X X 0 X 0 0 0 0 0 X 0 0 0 0 0 0 0 X 0 0 0 0 0 0 X 0 0 0 0 0 X 0 0 X 0 0 0 X 0 0 0 0 0 0 0 X 0 0 0 0 0 0 0 0 0 X 0 0 0 0 0 0 X 0 0 0 X 0 0 0 X 0 0 0 0 0 0 0 0 0 0 X 0 0 0 0 0 0 0 0 0 0 0 0 0 0 0 0 X 0 0 0 0 0 0 0 0 0 0 0 0 0 0 0 0 X 0 0 0 X X X 0 X 0 X X
X X X 0 0 X 0 0 X 0 0 0 X 0 0 0 X 0 0 0 0 X 0 0 0 0 0 0 0 0 0 0 0 X 0 0 0 0 0 X 0 0 0 0 0 0 0 X 0 0 0 0 0 X 0 X 0 X 0 0 0 0 0 0 0 0 0 X 0 0 0 0 0 0 0 X 0 0 0 0 0 0 0 0 X 0 0 0 0 0 0 0 0 X X 0 0 X X X X 0 0 0 0 X 0 X 0 0 0 X 0 0 0 0 0 X X 0 0 0 0 0 0 0 0 0 0 0 0 0 X 0 X 0 0 X 0 0 0 0 X 0 0 0 0 X 0 0 0 0 X X 0 0 0 0 X 0 0 X 0 0 0 0 0 0 X 0 X 0 X 0 0 0 0 0 0 0 X 0 0 0 0 X 0 0 0 0 0 0 0 0 0 0 0 X 0 X
X X 0 0 0 0 0 0 0 0 0 0 0 0 X 0 X 0 0 0 X 0 0 X 0 X 0 0 X 0 0 X 0 X 0 X X 0 0 0 0 0 0 0 0 0 X 0 0 X 0 0 0 0 0 0 0 X 0 X 0 0 0 0 0 0 0 0 0 0 X 0 X X 0 0 0 0 0 X 0 0 0 0 0 X 0 0 0 0 0 0 X 0 0 0 0 0 X 0 X 0 0 0 0 0 0 X 0 0 X 0 0 0 0 0 0 0 0 0 0 0 0 0 0 0 0 0 0 X 0 0 0 0 X 0 0 X 0 0 0 X 0 0 0 X X 0 0 0 0 0 X 0 X 0 0 0 0 0 0 0 0 0 0 0 0 0 0 0 0 0 X 0 X 0 0 0 X X 0 0 0 0 0 0 0 0 X 0 X 0 0 0 0 0 X 0 0 X
X 0 0 0 X 0 0 X X 0 0 X 0 X 0 0 X 0 0 0 0 0 X 0 X 0 0 0 X 0 0 0 0 0 0 0 0 X X X 0 0 0 X 0 0 0 0 X 0 0 0 0 0 X 0 X 0 0 0 0 0 0 0 0 X X X 0 0 0 0 0 0 X 0 0 0 0 X 0 0 0 0 0 0 0 0 0 0 0 0 X 0 0 0 0 X 0 0 X 0 X 0 0 0 X X X 0 0 0 0 X 0 0 X 0 0 0 0 0 0 X X 0 0 0 0 X 0 X 0 0 0 0 X 0 X 0 0 0 0 0 0 0 0 0 X X 0 0 0 X 0 0 0 X X 0 0 0 0 X 0 X X 0 X 0 X 0 0 0 0 0 0 X 0 0 0 0 X X X 0 0 0 0 X 0 0 0 0 0 0 X 0 0 X
X 0 0 0 0 0 X 0 0 X 0 0 X 0 0 0 0 0 X 0 0 0 0 X 0 X 0 0 0 0 0 0 0 0 0 0 0 0 0 0 0 0 0 0 X 0 0 0 0 X 0 0 0 0 X 0 0 0 0 0 X 0 0 0 0 0 0 0 0 0 X 0 0 0 0 0 0 0 0 0 0 0 0 0 0 0 0 X 0 0 X 0 X 0 0 0 X 0 X 0 0 0 X 0 0 0 0 0 X 0 0 0 0 0 0 0 0 0 0 0 0 0 X 0 0 X X 0 0 0 0 0 0 0 X 0 0 X 0 0 0 X 0 0 X 0 0 0 0 0 0 0 0 0 X 0 0 0 0 0 0 0 0 0 0 0 0 0 X X X 0 0 0 0 0 0 0 0 0 X 0 0 X 0 0 0 0 0 0 0 0 0 0 0 0 0 0 0 X
X 0 0 0 0 0 0 X 0 X 0 0 X 0 X 0 0 X 0 0 X 0 0 0 0 0 0 0 0 0 0 0 X 0 0 0 0 0 0 0 0 0 0 0 0 0 X 0 0 0 0 0 0 0 0 X 0 0 0 0 X 0 X 0 0 X 0 0 X X 0 0 0 X 0 X 0 0 0 0 0 X 0 0 0 0 0 0 0 0 0 X X 0 0 0 0 0 0 0 0 0 X X 0 0 0 0 X 0 0 0 0 0 0 0 0 0 0 0 0 X X X 0 0 X 0 0 0 0 X 0 0 0 0 0 0 0 0 0 0 0 X 0 0 0 X X 0 0 0 0 0 0 X 0 0 X X 0 X 0 X 0 0 X 0 0 0 X 0 0 0 0 0 0 0 0 0 X 0 0 0 X X 0 0 X X 0 0 0 X 0 0 0 0 0 X
X 0 0 0 0 0 0 0 X 0 X 0 0 0 0 0 X 0 0 0 0 X X 0 X 0 X 0 X X 0 0 X X 0 X 0 0 X X 0 0 0 0 X 0 0 0 0 0 0 X 0 0 0 0 0 X 0 0 0 0 0 X 0 0 0 0 0 0 0 0 0 0 X 0 0 0 0 X 0 0 0 0 0 0 0 X 0 0 0 0 0 0 0 0 X 0 0 0 0 0 0 0 0 0 0 0 X 0 0 0 X 0 0 0 0 0 0 0 0 X 0 X X 0 0 0 X 0 0 X 0 0 0 0 0 0 0 0 0 0 0 0 0 X 0 0 0 0 0 0 0 0 X X 0 0 0 0 0 0 0 X X 0 0 0 0 X 0 0 0 0 0 0 0 0 0 X 0 0 X 0 0 0 0 0 0 0 0 0 0 X X 0 0 0 0 X
X 0 0 0 0 0 X 0 0 0 X 0 X X X 0 X X 0 0 X 0 0 X X 0 0 0 0 0 X 0 0 X X 0 X 0 X 0 X X 0 0 0 X 0 0 X 0 0 0 0 0 0 0 0 0 0 X 0 0 0 0 X X 0 0 X 0 X 0 0 0 X 0 0 0 0 0 0 0 0 0 0 0 0 0 0 0 0 0 0 0 0 0 0 0 X X X X 0 X 0 0 X X X 0 0 0 X 0 0 0 0 0 0 0 0 0 0 0 0 0 X 0 0 0 0 0 0 0 0 0 0 0 X X 0 0 X X 0 0 0 0 0 0 0 0 0 0 X X 0 0 0 0 0 0 X 0 X 0 0 0 0 0 0 X 0 X X 0 0 0 X 0 0 0 0 0 X X X 0 0 0 X 0 0 0 0 0 0 0 0 X
X 0 0 0 0 0 0 X 0 0 0 0 X 0 X 0 0 0 0 X 0 X X 0 0 0 0 0 0 0 0 0 0 0 0 0 0 0 0 0 0 0 0 0 X 0 0 0 0 0 0 0 X X 0 X 0 0 0 0 0 0 X 0 0 X 0 0 0 0 0 0 0 X 0 0 0 0 0 X X 0 X 0 0 0 0 0 0 0 0 X 0 0 0 0 X 0 0 X 0 X X 0 0 0 0 0 0 0 0 0 0 0 X 0 0 0 0 0 0 0 0 0 X X 0 X X 0 X 0 0 X X X 0 0 0 0 0 0 0 X X X 0 0 0 0 0 0 0 X 0 0 X 0 X X 0 0 X 0 0 0 X X 0 0 0 0 0 X 0 0 0 0 0 X 0 0 0 0 X 0 X X 0 0 0 0 X 0 0 0 0 0 0 X
X 0 X 0 X 0 0 X 0 0 0 X 0 0 0 0 X 0 0 0 0 0 0 0 X 0 0 0 X 0 0 X 0 0 0 0 X 0 0 0 0 0 0 0 X 0 0 0 0 X 0 0 0 X 0 0 0 0 0 0 X 0 X 0 0 0 X 0 0 0 0 X X 0 0 X 0 0 0 X 0 0 X X 0 0 0 X X 0 0 0 0 0 0 0 0 0 0 0 0 0 X X 0 0 0 0 0 0 0 0 0 X 0 0 0 0 0 X 0 X 0 X 0 0 0 0 0 0 0 0 0 0 0 0 0 X 0 0 X X X X 0 0 0 0 X 0 0 0 0 0 X 0 0 X 0 0 0 0 X 0 0 0 0 0 0 X 0 X 0 X X X 0 0 0 0 X 0 0 0 0 0 0 0 X 0 0 X X X 0 0 0 0 0 X
X 0 0 0 0 0 0 0 X 0 0 X 0 0 0 X 0 0 0 0 0 X X 0 0 0 0 0 0 0 0 0 0 0 0 0 X X 0 0 0 0 0 0 X 0 X 0 0 0 0 0 0 0 X X 0 0 X 0 0 0 0 0 0 0 0 X 0 0 X 0 0 0 0 X X 0 0 0 0 0 0 0 X 0 0 X 0 X 0 0 0 0 0 0 0 0 X 0 0 0 0 0 X 0 0 0 0 X 0 X X 0 0 X 0 0 X 0 X 0 0 X 0 0 X 0 0 0 X X X 0 0 0 0 0 X 0 X 0 0 0 X X 0 X 0 0 0 0 X 0 0 X 0 0 0 0 0 0 0 0 0 X 0 X 0 0 X X X 0 0 X 0 0 0 0 X X 0 X 0 0 0 0 0 0 0 0 0 0 0 0 0 X 0 X
X 0 0 0 0 0 0 0 0 0 X 0 0 0 0 0 0 0 0 0 0 X 0 0 0 0 X X X 0 0 0 0 X 0 0 0 0 X 0 0 0 0 X X 0 0 0 0 0 0 0 0 X 0 0 0 0 0 X 0 0 0 0 0 0 0 X 0 X X 0 X 0 0 0 0 0 0 0 0 X 0 0 0 0 X 0 X 0 0 X X 0 0 0 X 0 0 0 0 0 0 0 0 0 0 X 0 0 0 0 0 0 0 0 0 X 0 0 0 0 0 X 0 0 0 0 0 0 0 0 0 0 X 0 0 X 0 0 0 0 0 X 0 0 X 0 0 0 0 0 0 0 X 0 X X 0 0 0 X 0 0 0 0 X 0 0 0 X X 0 0 0 X X X X 0 0 0 0 X X 0 0 0 X X 0 0 X X 0 0 0 0 X X
X 0 0 0 0 0 X 0 0 X 0 0 0 X 0 0 0 0 0 X 0 0 0 0 0 X 0 0 X 0 0 0 0 0 0 0 0 0 0 0 X 0 X 0 0 0 0 0 0 0 0 0 X 0 0 0 X 0 X 0 0 X 0 0 0 0 X 0 0 0 0 0 0 0 X X 0 X 0 0 0 0 X 0 0 0 X X 0 0 X 0 0 0 0 0 0 0 0 X 0 0 0 X 0 0 0 0 0 0 X 0 0 X 0 0 0 0 0 0 0 0 X 0 0 0 X 0 0 0 0 0 0 0 0 0 0 X 0 0 0 0 X 0 X 0 X 0 X X 0 0 0 0 0 0 0 0 0 0 X X 0 0 0 X 0 0 0 0 0 0 0 0 0 0 X 0 0 X 0 0 0 X 0 0 X 0 0 X X 0 0 0 0 0 0 0 X X
X 0 0 0 X 0 0 0 X 0 0 0 0 0 0 X X X 0 0 X 0 X 0 0 0 0 0 0 X 0 X 0 0 0 X X 0 X 0 X 0 0 0 0 0 0 0 X X 0 0 0 0 0 0 0 0 0 0 0 X 0 0 0 0 0 X X 0 0 0 0 0 X 0 X 0 0 0 0 0 0 0 X 0 X 0 0 0 0 0 0 0 X 0 0 0 0 0 0 0 0 X 0 0 0 0 0 0 0 0 X 0 0 0 X 0 0 0 X 0 0 0 0 X 0 0 X 0 0 X 0 0 X 0 0 0 0 X 0 0 0 0 0 0 0 0 0 0 0 0 0 0 0 0 0 0 0 0 0 0 0 X 0 0 0 0 0 X 0 0 X 0 0 0 0 0 0 0 0 0 X 0 0 0 X 0 0 0 0 0 0 0 0 X 0 0 0 X
X 0 0 X 0 0 X 0 0 0 0 X X 0 0 0 X X 0 X 0 0 0 0 0 0 0 X X X 0 0 0 X 0 X 0 X 0 0 X 0 0 0 0 0 0 0 0 0 0 X X 0 0 0 X 0 X 0 0 0 0 0 0 0 0 0 0 0 0 X 0 X 0 0 0 0 0 X 0 0 0 0 0 0 0 0 0 0 X 0 0 0 0 0 0 0 X 0 0 0 X 0 0 0 0 0 0 0 0 X 0 0 0 0 0 0 0 0 0 0 0 0 0 X 0 0 0 0 0 0 0 0 0 0 0 0 X 0 X 0 0 0 0 X 0 0 0 0 0 0 0 0 0 0 0 0 0 0 0 X 0 X 0 0 0 0 0 X X 0 X X 0 0 0 0 0 0 0 0 0 0 X 0 0 0 0 0 0 0 0 0 X 0 X 0 0 X
X 0 0 X X 0 0 0 0 0 0 0 0 X 0 0 X 0 0 X 0 X 0 0 0 0 X 0 0 0 X 0 X 0 0 X 0 0 X 0 0 X X 0 0 0 0 0 0 0 0 0 0 X 0 0 0 0 0 0 0 X 0 X 0 0 0 0 X 0 0 X X 0 0 X 0 0 0 0 0 0 0 0 0 X X X 0 0 0 0 0 0 0 0 0 0 0 0 0 0 0 X 0 X X 0 0 0 0 X 0 0 0 0 0 X 0 0 0 0 0 X 0 0 0 X X 0 0 0 0 X 0 0 0 0 X X X 0 0 0 0 X 0 X X 0 0 0 0 0 0 X X X 0 0 0 0 0 X 0 0 X 0 0 0 0 0 0 0 X 0 0 0 0 0 0 0 0 0 0 0 0 X 0 0 0 X 0 0 0 0 0 0 X X
X 0 0 0 0 0 X 0 0 0 0 X 0 0 0 X 0 0 X X 0 0 0 0 0 0 0 X 0 0 0 X 0 0 0 0 0 0 0 0 X 0 0 0 0 0 0 0 0 0 0 0 X X 0 0 0 0 0 X 0 0 X X 0 0 0 0 0 0 X 0 0 0 0 X 0 0 0 0 0 0 0 0 0 0 0 0 0 0 0 0 X 0 0 X X 0 0 0 0 0 0 0 X X X 0 0 0 0 0 0 0 0 0 X 0 0 0 0 0 0 X 0 X 0 0 0 0 0 0 0 0 X 0 0 0 0 0 0 X 0 0 X 0 0 0 X 0 0 0 0 0 0 0 0 0 0 0 0 0 0 0 X X 0 0 0 0 0 0 0 0 X 0 0 0 0 X X 0 0 0 0 X 0 0 0 X 0 0 0 X 0 0 X 0 0 X
X X 0 0 0 0 X X 0 X X X 0 0 0 0 0 0 0 0 0 X 0 0 0 0 0 0 0 0 0 0 0 0 0 0 0 0 0 0 0 0 0 X X 0 0 X X 0 0 0 0 0 X X 0 0 0 0 0 0 X 0 0 X 0 X 0 0 0 0 0 0 0 0 0 0 0 0 0 0 0 0 X X 0 0 0 0 0 X 0 0 0 0 0 X 0 0 0 X 0 0 0 0 0 0 X X 0 0 0 0 0 0 X 0 0 0 X 0 X 0 0 X 0 0 0 0 X 0 0 0 0 0 X 0 0 0 0 X 0 0 0 0 0 0 0 0 0 X 0 0 0 0 0 0 0 0 0 0 0 0 0 0 X 0 0 X X 0 0 0 0 0 0 X 0 0 X 0 0 0 0 0 0 0 X 0 0 0 0 0 X 0 0 0 0 X
X 0 0 0 0 0 X 0 0 0 0 X 0 0 0 0 0 X 0 X 0 X 0 0 0 0 0 0 0 X 0 0 0 0 0 0 0 0 0 0 0 0 0 0 0 0 X 0 0 0 0 X 0 0 0 0 0 0 X 0 0 0 0 0 0 0 0 0 0 0 0 X 0 X 0 0 0 0 0 0 0 0 0 0 0 0 X 0 0 0 0 0 0 0 0 0 0 0 0 0 X 0 0 0 0 0 0 0 0 0 0 0 X 0 0 0 0 0 0 0 0 0 0 0 0 0 0 0 0 0 0 0 0 0 0 0 0 X X 0 0 0 0 0 0 0 X 0 0 0 0 0 0 X 0 0 0 0 0 X 0 0 0 0 0 0 0 0 X 0 0 0 X 0 X 0 X 0 0 X 0 0 0 0 0 X 0 0 0 0 0 0 0 0 X 0 X 0 0 X
X 0 0 0 X X X X 0 0 0 0 0 0 0 0 0 0 0 0 0 X 0 0 0 0 0 0 X X 0 0 X 0 0 0 0 0 0 0 0 X 0 0 0 0 0 0 X 0 0 0 0 0 0 0 0 X 0 0 0 X 0 0 0 X X 0 0 0 X 0 0 0 X 0 0 0 0 0 0 X 0 X 0 X X 0 0 0 X 0 0 X X X 0 X 0 X 0 0 X 0 X 0 0 0 0 0 0 0 0 0 0 X 0 0 0 0 0 0 0 X 0 0 X 0 0 0 0 0 0 0 0 0 0 X 0 0 X 0 0 0 0 0 0 0 0 X 0 0 0 X 0 0 0 X 0 0 0 0 0 0 0 0 0 X 0 0 0 X 0 X 0 X 0 0 0 0 0 0 X X 0 0 0 0 0 X 0 0 X X 0 0 0 0 0 X
X 0 0 0 0 0 X 0 0 0 0 0 0 X X 0 0 0 0 0 0 X 0 0 X X 0 0 0 0 0 X 0 0 0 X 0 0 X 0 0 0 0 X 0 0 0 0 0 0 0 0 0 0 0 0 0 0 0 0 0 0 0 0 0 0 0 X 0 X 0 X 0 0 0 0 0 0 0 0 0 0 0 X 0 0 X 0 0 0 0 X X 0 0 0 0 0 0 0 0 0 0 0 0 X 0 0 0 X 0 0 X 0 0 X 0 0 X X 0 0 X 0 0 0 0 0 0 0 0 0 0 0 X 0 X 0 0 0 X 0 0 X 0 0 0 0 0 0 0 0 X 0 0 0 0 0 0 0 0 0 0 0 0 0 0 0 0 X 0 0 X 0 X 0 0 0 0 0 0 0 0 X 0 0 X 0 0 X 0 X 0 0 0 0 X 0 X X
X 0 0 0 0 0 X 0 X X 0 X 0 X 0 X 0 0 0 0 X 0 0 X 0 X 0 X 0 0 0 0 0 0 0 0 X 0 0 0 X 0 0 0 X 0 0 0 0 X 0 0 0 X 0 0 0 0 0 0 0 0 0 X 0 X 0 0 0 X 0 X X 0 0 X 0 0 0 0 0 0 X 0 0 X 0 0 0 0 0 X 0 X 0 0 0 X 0 0 0 X X X 0 0 0 0 0 0 0 0 0 0 0 0 0 0 X 0 0 X X 0 0 0 0 0 0 0 0 0 X X 0 0 0 0 X 0 0 0 X X X X 0 0 0 0 0 0 0 0 0 0 0 0 0 0 X X 0 0 0 X 0 0 0 0 0 0 0 0 0 0 0 0 0 0 0 X 0 0 0 0 X 0 0 0 0 0 0 0 0 X 0 0 0 X
X 0 0 0 X X 0 0 0 0 0 0 0 0 0 0 0 0 0 0 0 0 X 0 0 0 0 X 0 0 0 0 0 X 0 0 X 0 0 0 0 0 0 0 0 0 0 0 X 0 0 0 0 0 0 0 0 0 0 0 X 0 0 0 0 X 0 0 0 0 0 0 0 0 0 0 0 0 0 0 0 X 0 0 0 X 0 0 X 0 0 0 X 0 X 0 0 0 0 0 0 0 0 0 X 0 0 0 X 0 0 0 0 0 0 0 X 0 0 0 X 0 X 0 0 0 0 0 0 0 0 0 0 0 X X 0 0 0 0 X X 0 0 X 0 0 X 0 0 X 0 0 0 X 0 0 0 0 0 0 X 0 X X 0 0 0 0 0 0 0 0 X 0 X 0 0 0 X 0 0 X 0 0 0 0 0 0 0 0 0 X 0 0 0 X 0 0 X
X X 0 X 0 0 0 0 X X 0 0 0 0 0 0 0 0 0 X 0 0 0 0 0 0 0 0 0 X 0 0 0 0 0 0 0 X 0 0 X 0 X 0 X 0 0 X X 0 X 0 0 X 0 0 0 0 0 0 0 0 0 X 0 0 0 0 0 0 0 0 0 0 0 0 0 0 0 0 0 0 0 0 0 0 X X X 0 0 0 0 0 0 0 0 0 X 0 X 0 0 0 0 0 0 0 0 0 0 0 0 0 X 0 0 0 0 0 0 0 0 0 0 0 0 0 0 X 0 X 0 X X 0 0 0 0 0 0 0 0 0 0 X 0 0 X 0 X 0 0 X 0 0 0 0 0 0 X 0 0 0 0 0 0 0 X 0 0 0 X 0 0 0 0 0 0 X 0 X 0 0 0 0 0 0 0 X 0 X 0 0 0 0 0 0 0 X
X 0 X 0 0 0 X 0 0 X 0 0 0 0 X 0 X 0 0 0 0 0 0 0 0 0 0 0 0 0 X 0 0 0 0 0 X X X 0 0 0 0 0 0 X 0 0 0 0 X 0 X 0 0 0 0 0 0 0 0 0 0 0 0 0 0 0 0 0 X 0 0 0 0 0 X 0 0 0 0 X X 0 0 0 X 0 0 0 0 0 0 0 0 0 0 X 0 0 0 0 0 0 X 0 0 0 0 0 0 0 X X X 0 0 0 0 0 0 0 X 0 0 0 0 0 0 X 0 X 0 0 X 0 0 X 0 0 0 X X 0 0 X 0 0 0 X 0 0 0 0 0 0 0 0 0 0 0 0 0 X 0 0 0 0 0 0 X 0 0 0 0 0 X 0 0 0 0 X X 0 0 0 X 0 0 0 0 X 0 0 X 0 0 X 0 X
X 0 0 0 0 0 0 0 X 0 0 0 X 0 0 0 0 0 X 0 0 X 0 0 0 0 0 X 0 0 0 0 X 0 0 X 0 0 X 0 X 0 0 X 0 0 0 0 X 0 0 X 0 0 0 0 X 0 X 0 0 0 0 X X 0 0 0 0 0 0 0 0 0 0 0 0 0 0 0 0 0 0 X 0 0 0 0 0 X X 0 X X 0 0 0 0 0 0 0 X 0 0 0 0 0 0 0 X 0 0 0 0 0 0 X 0 0 X 0 X X 0 0 0 0 0 0 0 0 0 X X X 0 0 X X 0 0 0 0 0 0 X 0 0 0 X 0 X 0 0 0 0 X X X X X 0 0 X 0 X X 0 0 0 0 0 X 0 X X 0 X 0 0 X X 0 0 0 0 0 X 0 0 0 0 0 0 0 0 0 X 0 X
X 0 0 0 X 0 0 0 0 0 0 X 0 0 0 0 0 0 0 X 0 0 0 0 0 0 X 0 0 0 0 0 0 0 0 0 0 0 0 0 X 0 0 0 0 X 0 0 0 0 X 0 0 0 X X 0 0 0 X 0 X 0 X 0 X X 0 0 0 X 0 0 0 0 X X X 0 X 0 0 X 0 0 X X 0 0 0 0 X 0 0 X 0 0 0 0 0 0 0 0 0 0 0 0 0 0 X 0 0 0 0 X X 0 X 0 0 X 0 0 0 0 0 0 0 X 0 0 0 0 X 0 X 0 0 0 0 0 0 X 0 0 0 0 X 0 0 0 0 0 0 0 0 0 0 0 X 0 0 0 0 0 0 0 0 0 0 0 0 X 0 0 0 X 0 0 0 0 0 0 X 0 0 0 0 X 0 0 0 0 0 X 0 0 X 0 X
X 0 0 X 0 X X 0 0 0 X X 0 0 0 0 0 0 0 0 0 X 0 X 0 X 0 0 0 X 0 0 0 0 0 0 0 0 0 0 0 0 0 0 0 X 0 0 0 0 X 0 X 0 0 X 0 0 0 0 X X 0 0 X 0 0 0 0 X 0 0 X 0 0 0 X 0 0 0 0 0 0 0 0 0 0 0 0 X 0 0 X 0 0 0 0 X X 0 0 0 0 0 X 0 0 0 0 0 0 0 0 0 X X X 0 X 0 0 0 0 X X 0 0 0 X 0 X X 0 0 X X 0 0 0 X 0 X X 0 0 0 0 X X 0 0 X 0 X 0 0 0 X 0 0 0 X 0 0 0 0 0 0 0 0 X X 0 0 0 0 0 0 X 0 0 0 0 0 0 0 0 0 0 0 0 0 0 0 0 0 0 0 0 X
X 0 0 0 0 X 0 X 0 0 0 0 X 0 X X 0 X 0 0 0 0 0 0 0 0 0 0 0 0 X X 0 X 0 0 0 0 0 0 0 0 X 0 0 X 0 X 0 0 0 0 0 0 X X 0 0 0 X 0 0 0 0 0 0 0 0 0 X 0 0 0 0 0 X 0 0 X 0 0 0 0 0 0 0 0 0 0 0 X 0 0 0 0 X 0 0 0 0 0 0 0 0 0 0 0 0 X 0 X 0 X 0 0 0 0 0 0 0 0 0 0 0 0 0 0 0 0 X 0 0 0 0 0 X 0 0 0 0 0 0 0 X X 0 X 0 0 0 X X 0 0 0 0 0 0 0 0 0 0 X 0 X 0 0 X 0 0 0 0 0 0 0 X X 0 0 X X 0 0 0 0 X X 0 0 0 X 0 X 0 0 0 0 0 0 X
X 0 X X 0 0 0 0 X 0 0 0 X 0 0 0 0 0 X 0 X 0 0 X 0 X 0 0 X 0 0 0 0 0 0 0 0 0 0 0 X 0 0 0 0 X 0 0 X X 0 0 0 0 0 0 X X 0 0 0 X 0 0 0 0 X 0 0 0 X X 0 0 0 0 0 0 0 0 0 0 0 0 0 X 0 0 0 0 0 0 0 X 0 0 X 0 0 0 0 0 X 0 0 0 0 0 0 X 0 0 0 0 0 0 0 0 0 X X 0 0 0 0 0 X 0 0 0 X 0 0 X X 0 0 0 0 0 0 0 X 0 X 0 0 0 0 0 X 0 0 0 0 0 X 0 X 0 0 0 0 0 0 0 0 0 X X X 0 0 0 0 0 0 0 0 0 0 0 0 0 0 0 0 0 0 X 0 0 0 0 0 0 X 0 0 X
X 0 X 0 0 X 0 0 0 0 0 0 X 0 0 X 0 0 0 0 0 0 0 0 0 X 0 X 0 0 0 0 0 0 X 0 0 0 X X 0 0 0 X X 0 0 0 0 0 0 X 0 0 0 0 0 0 0 0 0 X 0 0 X 0 0 0 X 0 0 0 0 0 0 0 0 X 0 0 0 0 0 0 0 0 0 X 0 X X 0 0 0 0 0 0 0 0 0 X 0 0 0 0 0 0 0 0 X 0 0 0 0 0 0 0 0 0 0 0 0 X 0 X 0 0 0 0 0 X 0 0 0 0 0 0 X 0 0 0 X 0 X 0 0 0 X X 0 0 0 0 0 0 0 X 0 0 0 X 0 X 0 0 0 X 0 0 X 0 0 0 0 0 X 0 0 0 X X 0 0 X X X 0 0 0 0 0 0 0 0 0 0 X X 0 X
X X 0 0 0 X 0 X 0 0 0 X 0 0 0 X X 0 0 0 0 0 X 0 X 0 0 0 0 X 0 X 0 0 0 0 0 X 0 0 0 0 0 0 0 0 0 X 0 0 0 0 0 0 X 0 X 0 0 0 0 0 0 X 0 0 0 0 0 0 0 0 0 X 0 0 0 0 0 0 X 0 0 0 0 X 0 0 X 0 0 0 X 0 0 0 0 0 0 0 0 0 0 0 0 0 0 0 0 0 X X 0 0 0 0 0 0 0 0 0 X X 0 0 0 X 0 X X 0 X X 0 0 0 0 0 X X 0 0 0 X 0 0 0 0 X 0 0 0 0 X 0 0 X 0 0 X 0 X 0 0 0 X 0 X X X 0 0 X 0 0 0 0 0 X 0 0 0 0 0 0 0 0 0 0 0 X 0 0 0 0 0 0 0 X X
X 0 0 0 0 X 0 0 0 0 0 0 0 0 0 0 X 0 X 0 0 0 0 0 0 X X 0 0 X 0 0 0 0 0 0 0 0 0 X X 0 0 0 0 0 0 0 0 0 X 0 0 0 X 0 X 0 X 0 0 0 0 0 0 0 0 0 0 X X 0 0 0 0 X 0 0 0 0 0 X 0 0 X 0 0 0 0 0 0 0 0 X 0 0 0 0 0 0 0 0 0 0 0 0 0 0 X 0 0 0 0 0 0 X 0 0 0 X 0 0 0 0 0 0 0 0 0 0 0 0 0 0 0 0 0 0 0 0 0 0 0 0 0 0 X 0 0 0 0 0 0 0 X 0 0 0 0 X X X 0 0 0 0 0 X 0 0 0 0 0 0 0 0 X X 0 0 0 0 0 0 0 X 0 0 0 0 0 0 X 0 0 X 0 0 0 X
X 0 0 0 0 0 0 X 0 0 0 0 0 X 0 0 X 0 X 0 0 0 0 0 0 0 0 0 0 0 0 0 0 0 0 0 0 0 0 0 0 0 0 0 X 0 0 0 0 X 0 X X X 0 0 0 0 0 0 0 0 0 0 0 X X 0 0 0 0 X 0 0 0 0 0 X 0 0 0 0 0 0 0 0 0 X X 0 0 0 0 0 X X 0 0 0 0 0 X 0 0 0 X X 0 0 0 0 0 0 0 0 0 X 0 0 X 0 X 0 0 0 X 0 0 X 0 0 X 0 0 0 0 0 0 0 0 0 X 0 0 0 0 0 0 X 0 0 0 0 0 0 X 0 0 0 0 X 0 0 0 X 0 0 0 0 0 0 0 0 0 0 X X X X 0 0 0 0 0 0 0 X 0 0 0 0 X 0 0 0 0 0 X 0 X
X 0 0 0 0 0 X 0 0 0 0 0 0 0 0 X 0 0 0 0 0 X 0 0 0 X 0 0 0 0 X X X 0 0 0 0 0 0 0 0 X 0 0 X X 0 0 0 X X 0 X X 0 0 0 X 0 0 0 0 0 0 0 0 X 0 X 0 0 0 0 X 0 X 0 0 0 X 0 0 0 X 0 0 0 X 0 X 0 X X 0 0 X X 0 0 0 0 X 0 X 0 X 0 0 0 0 0 0 0 0 0 0 0 0 0 0 0 0 0 0 0 X 0 0 X 0 0 0 X 0 0 0 0 0 X 0 0 X 0 X 0 0 0 0 X 0 0 0 0 0 0 0 X 0 0 X X 0 0 0 X X X X 0 0 0 0 0 X 0 X X 0 0 0 0 0 0 X 0 0 0 0 X X 0 0 0 0 0 0 0 0 0 X
X 0 0 X 0 X X 0 0 0 0 X 0 0 0 0 0 X 0 0 0 0 X 0 X 0 0 0 X 0 X 0 0 0 0 0 0 0 0 0 0 0 0 0 X X 0 X 0 0 X 0 0 0 0 0 0 0 0 0 0 0 0 0 X 0 0 X 0 0 0 X 0 0 X 0 0 0 0 0 0 0 0 0 0 X 0 X 0 0 0 X 0 0 X 0 0 X X 0 0 0 0 0 0 0 X X 0 X 0 X 0 0 0 X 0 0 0 0 0 X X 0 0 0 0 0 0 0 0 0 0 0 X 0 0 0 0 X 0 0 0 X 0 0 0 0 X 0 X X X X 0 X 0 X X 0 X 0 0 0 0 0 0 0 X 0 0 X 0 0 0 0 0 X 0 0 0 0 0 0 0 0 0 X 0 0 0 0 0 X 0 0 0 X 0 X
X 0 0 0 X 0 X 0 0 0 0 0 0 0 0 0 0 0 0 X 0 X 0 0 X 0 X 0 0 X 0 0 0 0 0 X 0 0 X 0 0 X 0 0 0 0 0 0 0 0 0 0 0 0 X 0 0 0 0 0 0 X X X 0 0 0 X 0 0 X 0 0 0 0 0 X 0 0 0 X 0 0 0 X X 0 0 X 0 0 X 0 0 0 0 0 0 X 0 X 0 0 0 0 0 0 X 0 0 0 X 0 0 0 0 X X 0 X 0 0 X X 0 0 0 X 0 X 0 0 0 0 X 0 0 0 0 X X 0 0 X 0 0 0 X X X 0 0 0 X 0 0 0 0 0 0 0 0 0 0 0 0 X 0 0 0 0 0 0 0 0 0 X 0 0 X 0 0 0 0 0 0 0 0 0 0 X 0 0 0 X 0 0 0 0 X
X 0 0 0 0 X 0 0 0 0 0 0 0 0 X 0 0 X X X 0 0 0 0 X 0 X X X 0 0 0 X X 0 0 0 0 0 0 0 0 0 0 0 0 0 0 X 0 X 0 0 0 0 X X X 0 X 0 0 X X 0 0 0 X 0 0 0 X 0 0 0 0 0 X 0 0 0 0 0 X 0 0 X 0 0 X 0 0 0 0 0 0 X 0 X 0 0 0 0 0 0 0 X 0 0 0 0 X 0 X X X 0 X 0 0 0 0 0 X 0 0 X 0 0 0 0 0 X 0 0 0 0 X 0 X 0 X 0 0 0 X 0 0 0 0 0 X X X X 0 0 0 0 0 0 0 0 0 0 0 0 0 0 0 0 0 0 0 0 0 0 0 0 0 0 X 0 X X 0 0 0 0 0 0 X 0 0 X 0 0 0 0 X
X X 0 0 0 0 0 0 0 0 0 0 0 0 0 X 0 0 0 0 0 0 X X 0 0 0 0 0 X 0 X 0 0 0 0 0 0 X 0 0 0 0 0 0 0 0 X 0 0 0 0 0 0 0 0 0 0 0 0 0 0 0 0 0 X 0 0 0 X 0 0 0 0 0 0 0 0 0 0 0 0 0 0 0 0 0 0 0 0 0 0 0 0 0 0 X 0 0 0 0 X 0 0 0 0 0 0 0 0 0 X 0 0 0 0 X 0 X 0 0 0 0 0 X 0 0 X 0 0 0 0 X 0 0 0 0 0 0 0 0 0 X 0 X X 0 0 0 X 0 0 0 0 0 0 0 0 0 X 0 0 X 0 0 0 X 0 0 X 0 0 0 X 0 0 0 X 0 0 0 X 0 0 0 0 0 X 0 0 0 X X 0 0 0 0 0 X X
X 0 0 0 0 X X 0 0 X 0 0 0 0 0 0 0 0 0 0 0 0 0 0 0 0 0 0 0 0 0 0 0 0 X 0 0 0 X X X 0 X 0 0 0 X 0 0 0 0 0 0 0 0 0 X 0 0 0 X X 0 0 X 0 0 0 0 0 0 0 0 0 0 X 0 X 0 0 0 0 0 X 0 0 X 0 0 0 0 X 0 0 0 0 0 0 X 0 0 0 0 0 0 0 X 0 0 X 0 X X X 0 X X 0 0 0 0 0 0 0 0 0 0 0 0 0 0 0 X 0 0 0 0 0 0 0 0 0 0 0 0 0 0 X X 0 X 0 0 0 0 0 0 X 0 0 X 0 0 0 0 0 0 0 0 0 0 X 0 0 X X 0 X X 0 0 0 0 X 0 X 0 0 X 0 0 0 0 0 0 0 0 0 0 X
X 0 0 0 0 0 X 0 0 0 0 0 0 0 0 0 0 0 X 0 0 X 0 0 0 0 0 0 0 X X 0 0 0 0 0 X 0 0 0 X X 0 0 X 0 0 0 X 0 0 0 0 0 0 X 0 0 0 0 0 X 0 0 0 0 0 0 0 0 X 0 0 0 0 0 0 0 0 0 0 0 0 0 0 0 X 0 0 0 0 0 0 0 X 0 0 0 X 0 X 0 0 0 0 0 X X 0 X 0 0 0 X 0 X 0 0 X X X 0 0 0 0 0 X 0 0 0 0 0 0 X 0 0 0 0 0 0 X 0 0 0 0 0 0 0 0 X X 0 0 0 0 0 X X X 0 0 X 0 0 0 0 0 X X 0 0 0 X 0 X 0 0 0 X 0 0 0 0 X X 0 0 X 0 X 0 0 0 0 0 0 0 0 0 X
X 0 X 0 0 0 0 0 0 0 0 0 0 0 0 0 X 0 X 0 0 0 0 0 X 0 X X 0 0 0 0 X 0 0 0 0 0 0 0 0 0 0 X 0 0 0 0 X X 0 0 0 0 0 0 0 X X 0 0 0 0 X 0 X 0 0 0 0 0 0 0 0 0 0 X 0 0 0 0 0 0 0 0 0 0 0 X 0 0 0 X 0 0 0 0 0 0 0 0 0 0 X 0 0 0 0 0 0 0 0 0 0 X X 0 0 0 X X X 0 0 0 0 0 0 0 0 0 0 0 0 0 0 0 X 0 0 0 0 0 0 0 X 0 X 0 0 0 0 X X 0 X 0 X 0 0 X 0 0 0 0 X 0 0 0 X 0 0 0 X X X 0 X 0 0 0 0 0 0 0 X 0 0 0 0 X 0 0 0 X 0 0 X X X
X 0 0 0 X X 0 0 0 0 X 0 0 X X X 0 0 0 0 0 X 0 0 0 0 0 0 X 0 0 0 0 0 0 0 X X 0 0 0 0 0 0 0 0 X 0 0 X 0 X 0 X 0 0 0 0 0 0 X 0 0 0 0 0 0 0 0 0 X 0 0 0 0 0 0 0 0 0 0 0 0 0 0 0 0 0 0 0 0 0 0 0 0 X 0 0 0 0 0 0 0 0 0 0 0 0 0 0 0 0 0 0 0 0 X 0 0 0 0 0 0 0 0 0 0 0 0 0 0 0 X 0 0 0 0 0 0 0 X 0 0 0 X X 0 0 0 0 0 0 0 0 X X 0 0 0 0 0 0 0 0 0 0 0 0 0 0 0 0 0 0 0 0 0 0 0 0 0 0 0 0 0 0 0 0 0 0 X X X 0 0 0 0 0 X X
X 0 0 0 0 0 X X 0 X 0 0 X 0 0 X X 0 0 0 X 0 X 0 0 0 0 0 0 0 0 0 0 0 X 0 0 0 X 0 0 0 X 0 0 X 0 0 0 0 X 0 0 X 0 0 0 X 0 0 0 0 0 0 0 0 0 0 X 0 0 X 0 0 0 X 0 0 0 X 0 0 0 0 0 0 0 X 0 0 0 X 0 0 X 0 0 0 0 X 0 X 0 0 0 X 0 X 0 0 0 X 0 0 0 0 0 X 0 0 0 0 X 0 0 0 0 0 0 0 X 0 0 0 0 0 X 0 0 0 0 0 0 0 0 X 0 0 0 X X X 0 0 0 0 0 0 0 0 0 X 0 0 0 0 0 X 0 0 0 0 0 0 0 X 0 0 X X 0 X 0 0 0 0 X X 0 0 X 0 0 X 0 0 0 0 0 X
X 0 X 0 X 0 X 0 0 0 0 0 X 0 0 0 0 0 0 0 0 0 0 0 0 0 0 0 0 0 0 0 X X 0 0 0 0 0 0 X X 0 0 X 0 0 0 0 0 0 0 0 0 0 0 0 0 X 0 0 0 X 0 0 0 X 0 0 X 0 X 0 0 0 0 0 0 0 0 0 0 0 0 0 0 0 0 0 X 0 0 0 X X 0 0 X 0 0 0 0 0 0 0 0 0 0 X 0 0 0 0 0 0 0 0 0 0 0 0 0 X X 0 0 0 0 0 0 X X 0 X X X 0 0 0 0 X X 0 0 0 0 0 0 0 0 X 0 X 0 0 0 X 0 0 0 X 0 X 0 X 0 X X 0 0 0 0 X X 0 0 X 0 0 X 0 0 0 0 0 X 0 0 0 0 0 0 0 0 0 0 X 0 0 X
X 0 0 0 0 0 0 X 0 0 X 0 0 0 0 X 0 0 0 0 0 0 0 0 0 0 0 0 0 0 X 0 0 0 X 0 0 0 X 0 X X 0 0 0 0 X 0 0 0 X 0 0 0 0 0 0 0 0 0 X 0 0 X 0 0 0 0 0 X 0 X 0 X 0 0 0 X 0 0 X 0 0 0 X X 0 0 0 0 0 0 0 0 0 0 X 0 0 0 0 0 0 X 0 0 X 0 0 0 X 0 0 0 0 0 X X 0 0 0 0 X 0 0 0 X 0 0 0 0 0 0 X 0 0 0 0 0 0 0 0 0 X 0 X 0 X 0 0 0 0 X 0 X 0 0 0 0 X X X 0 X 0 0 0 0 0 X 0 0 X X X 0 0 X X 0 0 X 0 X 0 0 0 0 0 0 0 X 0 X X 0 0 0 X X
X 0 0 0 0 X 0 0 0 0 0 0 0 X 0 0 0 X 0 0 0 X 0 0 0 0 0 0 0 0 0 0 0 0 X 0 0 0 X 0 0 0 0 0 0 X 0 X 0 0 0 0 0 0 X X 0 0 0 0 0 0 0 0 0 0 0 0 0 0 0 0 0 X 0 0 0 0 X X X 0 X 0 X 0 X 0 0 0 0 0 0 X 0 X X X X 0 0 X 0 0 X 0 X 0 0 0 X 0 0 X X 0 0 0 0 0 X 0 0 0 0 0 0 0 0 0 0 X 0 0 0 0 0 0 0 0 X X 0 0 0 X 0 0 X X 0 0 0 0 0 X 0 0 X 0 0 0 0 0 0 0 0 0 X 0 0 0 X 0 0 0 X 0 0 X 0 0 X 0 0 0 0 X 0 0 0 0 0 0 X 0 0 0 0 X
X 0 0 X 0 0 X 0 0 0 0 0 0 X X X 0 X X 0 0 0 X 0 X 0 0 0 0 0 0 X 0 0 0 0 0 X X 0 0 X 0 0 0 0 X 0 0 0 0 0 0 0 X 0 0 0 0 X X X 0 X 0 X 0 0 X 0 0 0 0 0 0 0 0 X 0 X X 0 0 X 0 0 0 0 0 0 0 0 0 X X 0 0 0 0 0 0 0 0 0 0 0 0 0 X 0 0 0 0 0 0 0 0 0 X 0 X 0 X 0 X 0 0 X 0 X X X 0 0 0 0 0 0 0 0 0 0 X 0 0 0 0 0 0 0 0 0 0 0 0 0 0 X 0 0 0 0 0 0 0 0 0 0 0 X 0 0 0 0 0 0 X 0 0 0 0 0 0 0 0 0 0 0 0 0 X 0 0 X 0 0 X 0 0 X
X 0 0 X 0 0 0 0 X 0 0 0 X 0 0 0 0 X 0 0 0 X X X 0 X 0 X 0 X 0 0 0 0 0 0 0 0 0 0 0 0 0 0 0 0 X 0 0 0 0 X 0 0 X 0 0 0 0 0 X 0 0 0 X 0 0 0 X X 0 0 X 0 0 0 0 0 0 0 0 0 0 0 0 0 X X 0 0 0 0 0 0 X X X 0 0 0 0 0 0 X 0 0 0 0 0 0 0 0 0 X 0 0 0 X X 0 0 X 0 X 0 0 0 X 0 0 0 0 0 0 0 0 0 0 X 0 0 0 0 0 0 X 0 0 0 X 0 0 0 X X 0 0 0 0 0 X 0 0 0 0 0 0 0 0 0 0 0 0 X X 0 0 0 0 0 0 X 0 0 0 0 X 0 0 0 0 0 0 0 0 0 0 0 X X
X 0 0 0 0 0 0 0 X 0 0 0 0 X 0 0 0 0 0 0 0 X 0 X 0 X 0 0 0 0 X 0 0 0 0 0 0 0 0 0 0 0 0 0 0 0 0 0 0 0 0 0 0 0 0 0 0 0 0 0 0 X 0 0 X X 0 X X 0 0 X 0 X 0 0 0 0 0 0 0 X 0 0 0 X 0 0 0 0 0 0 0 0 0 X 0 X 0 X 0 0 0 0 0 0 X 0 X 0 X 0 0 X 0 0 0 X 0 0 0 0 0 X 0 0 0 X 0 0 0 0 0 X 0 0 0 0 0 0 0 0 0 X 0 0 0 0 0 X 0 0 0 0 0 0 0 0 0 0 0 0 0 0 0 X 0 0 0 0 0 0 0 X 0 0 0 0 0 X 0 0 X 0 0 0 0 X 0 X X 0 0 0 0 X 0 X 0 X
X X 0 0 0 X X X 0 X 0 0 X 0 X 0 X 0 0 0 0 0 0 0 0 X 0 0 0 X 0 0 X 0 0 0 0 0 0 0 0 0 0 0 0 0 X 0 0 0 X X X X 0 X 0 0 0 X 0 0 0 0 0 0 0 0 0 0 0 X 0 X 0 0 X 0 0 0 0 0 0 0 0 0 0 0 0 0 0 0 0 0 0 0 0 0 0 X 0 X 0 0 0 X 0 0 X 0 0 0 0 0 X 0 0 0 0 0 0 0 0 0 0 0 X 0 0 0 X 0 X X 0 0 0 0 0 0 0 0 0 X 0 0 0 0 0 0 0 0 0 0 X 0 X 0 0 0 0 0 0 X 0 X X 0 0 0 X 0 0 X 0 0 0 X X 0 0 0 0 0 0 X 0 0 0 0 0 0 0 0 0 0 0 0 0 X
X 0 X X 0 0 0 0 X 0 0 0 0 0 0 0 0 X 0 0 0 0 0 0 0 0 0 0 0 0 0 0 0 X 0 0 0 X X 0 0 0 X 0 X 0 0 0 0 0 0 X 0 0 0 0 0 0 0 0 0 0 0 0 0 0 0 0 X 0 0 0 X 0 0 0 X 0 X 0 X 0 0 X X 0 0 0 0 X 0 0 X 0 0 0 0 X 0 0 X 0 X 0 0 0 0 0 X 0 0 0 0 0 0 0 0 0 0 0 X 0 X 0 0 0 0 0 0 0 0 0 0 0 0 0 0 X 0 X 0 0 0 X 0 X X 0 X X 0 X 0 0 0 0 X 0 0 0 X 0 0 0 0 0 0 X 0 0 0 0 0 X 0 0 0 0 0 0 0 X X X 0 0 0 0 0 0 0 0 0 0 0 0 0 0 0 X
X 0 0 0 0 0 0 0 0 0 0 0 0 0 0 0 X 0 0 0 0 0 X 0 0 0 0 0 0 0 0 0 0 X 0 0 0 X X 0 0 0 0 0 0 0 0 0 0 0 0 0 0 0 0 X 0 0 0 X X X 0 0 0 0 X 0 0 0 0 0 X 0 0 0 0 0 0 0 0 0 0 X 0 X 0 X 0 0 0 0 0 0 0 X 0 0 0 0 0 0 X 0 0 X 0 0 X X X 0 X 0 0 0 0 0 0 0 0 0 0 0 0 0 0 0 X 0 0 0 X 0 0 0 0 0 X 0 0 0 0 0 0 0 0 X 0 0 X X 0 0 0 X 0 0 0 0 0 0 0 0 X 0 0 X 0 0 X 0 0 0 0 0 0 0 X X 0 0 0 0 X X 0 0 X 0 X 0 X 0 0 0 X 0 X X
X 0 0 0 0 0 0 0 0 0 X 0 0 0 0 0 0 X 0 X X X X 0 0 X 0 0 X 0 0 0 0 0 0 0 0 0 X 0 0 0 0 0 0 0 0 0 0 0 0 X 0 0 0 0 0 0 X 0 X 0 0 0 0 0 0 0 0 0 0 X 0 0 0 0 0 X X 0 0 0 0 X 0 X 0 0 X 0 X 0 0 0 0 0 0 0 0 0 X 0 0 0 0 0 0 0 0 X X X 0 0 X 0 0 0 X X 0 0 0 0 0 0 0 X 0 0 0 0 0 X 0 0 0 0 0 X 0 0 0 0 0 0 X 0 0 0 X 0 0 0 X X 0 0 X 0 X 0 0 0 0 0 0 0 0 0 0 0 0 0 0 0 X 0 0 0 0 0 0 0 0 X 0 0 0 0 X 0 0 X 0 0 0 0 0 X
X 0 0 0 0 0 0 X 0 0 0 0 0 0 0 0 0 0 X X 0 X 0 0 0 0 0 0 0 X 0 0 0 0 0 0 0 0 0 0 0 0 0 0 0 X X X 0 0 0 0 0 X X 0 0 0 0 0 0 0 X X 0 0 0 0 0 X 0 0 0 0 0 0 0 0 0 0 0 X 0 0 0 0 X 0 0 0 0 0 0 X 0 0 0 0 0 X 0 X 0 X 0 0 0 0 0 X 0 X 0 0 0 X 0 0 X X 0 0 0 X 0 0 0 0 0 0 0 0 X 0 X 0 0 0 X 0 0 0 0 X 0 0 0 0 0 0 0 0 X 0 0 0 0 0 X 0 X 0 X 0 0 X 0 X 0 0 0 X 0 X 0 0 0 0 0 0 X X 0 0 0 0 0 X 0 0 0 0 0 0 0 0 0 0 0 X
X 0 X 0 0 0 0 X 0 0 0 X 0 0 0 0 0 0 0 0 0 0 0 0 0 X 0 0 0 0 0 0 0 0 0 X X 0 0 0 0 X 0 0 0 X 0 0 0 0 0 X 0 0 0 X 0 0 0 0 0 0 0 0 0 0 0 0 0 X 0 0 0 0 X 0 X 0 0 0 X 0 0 0 0 0 0 0 0 0 0 0 0 0 0 0 0 X 0 0 0 0 0 0 0 0 0 0 0 X X X 0 X 0 0 X 0 0 0 0 X 0 0 0 0 0 X 0 0 0 0 X 0 0 0 X 0 X X X X 0 0 0 0 0 0 0 0 0 X 0 0 X 0 X 0 0 0 X 0 0 0 0 0 0 0 0 0 0 0 X 0 X 0 0 0 0 0 0 X 0 0 0 0 X X 0 X X 0 0 0 0 0 X X 0 X
X 0 0 0 X 0 0 0 0 0 0 X 0 X 0 0 0 0 0 0 0 X X 0 0 0 0 0 0 0 X 0 0 0 0 0 0 0 X 0 0 0 0 0 0 0 0 X X 0 0 X 0 0 0 0 X 0 0 0 0 0 0 0 X 0 0 0 X 0 X 0 X 0 0 0 0 0 X 0 0 0 0 0 X X 0 0 0 0 0 0 0 0 X 0 X 0 0 0 0 0 0 0 0 0 0 0 0 X 0 0 0 0 X 0 X 0 0 X 0 0 0 0 X 0 0 0 0 0 0 X 0 0 0 0 X 0 X 0 0 0 0 0 X 0 0 0 0 X 0 0 0 X 0 X 0 0 0 0 0 0 0 0 0 0 X X 0 0 0 0 0 0 0 0 0 X 0 0 0 0 0 0 X 0 0 0 0 0 0 0 X 0 0 0 0 0 0 X
X 0 0 0 0 0 X 0 0 0 X 0 0 0 0 X 0 0 0 0 0 0 0 0 0 0 0 0 0 0 X 0 0 0 0 X X 0 X 0 X 0 0 0 0 X 0 0 0 0 0 0 0 0 0 0 X 0 0 0 X 0 0 0 0 0 0 X 0 0 X 0 X 0 0 0 0 0 X X 0 0 X 0 0 0 0 0 0 X 0 0 X 0 0 0 0 0 0 0 0 X 0 0 0 0 0 0 0 0 0 X 0 0 0 0 0 X X 0 X X 0 X 0 0 0 0 X 0 X 0 0 0 0 0 0 0 0 X X 0 0 0 X 0 X X 0 0 0 0 0 0 0 0 0 0 0 X X 0 0 0 0 0 0 0 0 0 0 0 X 0 0 0 X X 0 0 X 0 0 0 0 0 0 X 0 0 0 0 X 0 X 0 0 0 0 X
X X 0 0 0 0 0 X 0 0 0 0 X 0 0 0 0 0 0 0 0 X 0 X 0 X 0 0 0 0 0 X 0 0 0 0 0 0 0 0 0 0 0 0 0 X 0 0 0 0 0 0 X 0 0 0 0 0 0 0 0 X X 0 0 0 0 0 0 0 0 0 0 0 X X 0 0 0 0 0 0 0 0 X X 0 0 X 0 0 0 0 0 X 0 0 0 X 0 0 0 0 X 0 0 0 0 0 0 0 X 0 0 0 X 0 X 0 0 0 X X 0 X 0 0 X 0 0 0 X X 0 0 0 0 0 X 0 X 0 0 0 0 X 0 0 X 0 X 0 0 X 0 0 0 X 0 X 0 0 0 X X 0 X X 0 0 0 0 X 0 0 0 0 0 0 0 0 X 0 0 X 0 0 0 0 0 0 X 0 0 0 0 0 X 0 X
X 0 0 0 0 0 0 0 0 0 0 0 0 0 X 0 0 0 0 0 0 0 0 0 0 0 X 0 0 0 0 0 X 0 0 0 0 0 0 0 0 X X 0 0 0 0 0 X 0 0 X 0 0 X 0 0 0 X X 0 0 0 0 0 0 X 0 0 0 X 0 0 0 0 0 0 0 0 0 0 0 0 0 X 0 X 0 0 0 0 0 0 0 0 0 0 0 X 0 0 0 0 0 0 0 0 0 0 0 0 0 0 X 0 0 0 0 0 0 X 0 X 0 0 0 0 0 X 0 0 0 0 X X 0 X 0 0 0 0 0 0 0 0 0 X X 0 0 X 0 0 0 0 0 0 0 0 0 0 0 0 0 0 0 X X 0 0 0 0 0 0 0 0 0 0 0 X 0 0 0 0 0 0 0 X X 0 0 X 0 0 X 0 0 X 0 X
X 0 X 0 0 0 0 X 0 0 0 0 0 0 0 X 0 X 0 0 0 0 X 0 X 0 0 0 0 0 0 X 0 0 0 0 0 0 0 0 0 0 0 0 X 0 X 0 0 0 0 0 0 0 0 0 0 X 0 X X 0 0 0 X 0 0 0 0 0 0 0 0 0 0 0 0 X 0 X 0 0 0 0 0 0 0 0 0 X 0 0 0 0 0 0 0 X 0 X 0 0 X 0 0 0 0 0 0 0 X 0 0 0 0 0 X 0 0 0 0 0 0 0 0 X 0 0 0 0 X 0 0 0 X 0 X X 0 0 0 0 0 0 0 0 0 X 0 0 0 0 X 0 0 0 0 0 0 0 0 0 0 X 0 0 0 X 0 0 0 0 0 0 0 0 0 0 0 0 0 0 X 0 0 0 0 0 0 0 X X 0 X 0 0 0 0 0 X
X 0 0 0 0 0 0 0 0 X 0 0 X 0 0 0 0 0 X 0 0 0 0 0 0 0 0 X 0 0 X 0 0 0 0 X 0 0 0 0 0 0 0 X 0 0 0 0 0 0 0 0 0 0 0 0 X 0 0 0 0 0 X X 0 0 0 0 X 0 X X 0 0 0 0 0 0 X 0 0 0 0 X 0 0 X 0 0 0 0 X 0 0 X 0 0 0 0 0 X 0 X 0 0 0 X 0 X X 0 0 0 0 X 0 0 0 X 0 0 0 0 0 0 0 X X 0 0 0 0 X X 0 0 0 0 0 X 0 0 X 0 0 0 0 0 0 0 0 0 0 0 0 X X 0 X 0 0 0 0 0 X 0 0 X 0 0 0 0 0 0 0 0 0 X 0 0 0 0 0 0 X 0 X 0 0 0 0 0 0 0 0 0 0 0 0 X
X 0 0 0 0 X X X 0 0 0 0 0 0 0 0 0 0 0 0 0 0 0 0 0 0 X X 0 0 0 0 0 0 0 X X 0 0 X 0 0 X X 0 0 0 0 0 0 0 0 0 X 0 0 X 0 0 0 0 0 X 0 0 0 0 0 0 0 X 0 0 0 X 0 X X 0 0 X 0 X 0 0 0 0 0 0 0 X 0 0 0 0 0 0 0 0 0 0 0 0 0 X 0 0 0 X 0 0 X X 0 0 X 0 0 0 0 0 0 0 0 0 0 X 0 0 0 0 0 0 X 0 0 0 0 0 0 0 0 0 X 0 0 0 0 0 X X 0 0 X 0 0 0 0 0 0 0 0 0 0 0 0 0 0 0 0 0 0 0 0 X X 0 0 0 0 X 0 X 0 X X 0 X 0 0 X X 0 X 0 X 0 0 0 X
X 0 X X 0 0 0 0 0 0 X X 0 0 X 0 0 0 0 0 0 0 0 0 X 0 X 0 0 0 X 0 0 0 0 0 0 0 0 X 0 X X X X 0 0 0 0 0 X 0 0 0 0 X 0 X 0 X 0 0 0 0 0 0 0 X 0 0 0 0 X 0 0 X 0 0 0 X X 0 X 0 0 0 0 0 0 0 X 0 0 0 0 0 X 0 0 0 X X 0 0 0 0 X X 0 0 0 0 X 0 0 0 0 0 0 0 0 0 0 0 0 0 X X 0 X 0 X 0 0 X 0 X 0 0 0 0 0 X 0 0 0 0 0 0 0 X X 0 0 0 0 0 0 0 0 0 X 0 X 0 0 0 0 0 0 X 0 0 0 0 0 X 0 0 X 0 X 0 0 0 0 X X X 0 0 0 0 X X 0 X X 0 X
X X 0 0 0 0 0 0 0 0 X X 0 X 0 0 0 0 0 0 0 0 0 0 0 0 0 X X 0 0 0 0 X 0 X 0 0 0 X X X 0 0 0 0 0 0 0 0 X 0 0 0 X 0 0 0 0 0 0 0 0 0 0 0 X 0 X 0 X 0 0 0 0 0 X 0 0 0 0 0 0 0 0 0 0 0 0 X 0 0 0 0 0 0 X 0 0 0 0 0 0 0 X X 0 0 0 X 0 0 0 0 X 0 0 0 0 0 0 0 0 X 0 X 0 0 0 X 0 0 0 0 0 X 0 0 0 0 0 X 0 0 0 0 0 0 X 0 0 0 X 0 X 0 X 0 0 0 0 0 0 0 0 0 0 X 0 0 0 0 0 0 0 0 0 0 0 X 0 0 0 0 0 0 0 0 0 0 0 0 0 0 0 X 0 0 X X
X 0 0 X 0 0 0 0 0 0 X X 0 0 0 0 0 0 0 0 X 0 X X 0 0 0 0 0 0 0 0 0 X 0 0 X 0 0 0 0 X 0 0 0 0 X 0 0 0 0 0 0 0 0 0 0 0 0 0 0 0 X 0 0 0 X X 0 X 0 0 0 0 0 0 0 0 0 0 X 0 0 0 0 0 0 X X X X X 0 0 0 0 0 0 X 0 0 0 0 X X 0 X 0 X X X 0 0 0 0 0 X 0 0 0 0 0 X X 0 0 X 0 0 0 0 0 0 0 X X 0 0 0 0 X 0 0 X X X 0 0 X 0 0 0 0 0 0 0 0 0 0 0 0 0 0 X 0 0 0 0 0 0 0 0 0 0 0 0 0 0 0 X 0 0 X 0 X 0 X X 0 0 0 0 0 0 0 0 0 0 0 X
X 0 X X X 0 0 0 0 0 0 0 0 0 0 0 0 0 0 X 0 X 0 0 X 0 0 X 0 0 0 X 0 0 0 0 X 0 0 0 0 0 0 X 0 X 0 0 0 0 0 X 0 X 0 0 0 0 0 0 0 0 0 0 0 0 0 0 0 0 0 0 0 0 0 0 X 0 0 0 0 0 0 X X 0 0 X 0 0 0 0 X 0 0 0 0 0 0 X 0 X 0 0 0 0 0 X 0 0 0 X 0 0 0 0 X 0 0 0 X X 0 0 0 0 0 0 0 0 0 0 X 0 0 0 X 0 X 0 0 0 0 0 0 0 0 0 0 0 0 X 0 0 0 0 0 0 X 0 0 0 0 0 0 X 0 0 0 X 0 0 0 0 0 0 0 0 0 X 0 0 X X 0 0 X 0 0 0 0 0 0 0 0 0 0 0 0 X
X X 0 0 0 0 0 0 X 0 0 0 0 0 0 0 0 0 0 0 0 0 0 X 0 0 0 0 0 0 0 0 0 X 0 0 0 0 0 0 X 0 X 0 0 0 X 0 0 0 0 X 0 0 0 0 0 0 0 0 0 X 0 0 X X X 0 0 0 0 0 0 0 0 0 0 0 0 X 0 X X 0 X 0 X 0 0 0 0 0 0 0 0 X 0 0 0 0 0 X 0 0 0 0 0 0 0 0 X 0 0 0 0 0 0 0 0 0 0 0 0 0 0 0 0 0 0 0 0 0 0 0 0 0 0 0 0 0 0 0 0 0 0 0 0 0 0 0 0 0 0 X 0 X 0 0 0 0 X X X 0 X 0 0 0 0 0 0 0 0 0 0 0 0 0 X 0 0 X 0 0 X X X 0 X 0 0 0 0 0 X 0 0 0 X X
X 0 0 0 0 0 0 0 0 0 0 0 0 0 X X 0 0 0 0 0 X 0 0 0 0 0 X 0 0 0 0 0 0 0 0 0 0 X X 0 0 0 0 0 0 0 0 0 X X X 0 0 X X X 0 X 0 0 0 X 0 0 X 0 0 X 0 0 0 0 0 0 0 X X 0 0 0 X 0 0 0 0 0 0 0 0 X X X 0 X 0 X 0 0 0 X 0 0 0 X 0 0 0 0 0 0 0 X 0 0 0 0 0 X 0 0 0 0 0 0 0 0 0 0 0 X 0 0 0 X 0 X 0 0 X 0 0 X 0 0 0 0 0 0 0 X 0 0 0 0 0 0 X X 0 X 0 0 0 0 X 0 X 0 0 X X 0 0 0 0 X X 0 0 0 0 0 0 X X 0 0 0 0 0 X 0 0 0 X 0 X 0 X
X 0 0 0 0 0 0 0 0 0 0 X X X 0 0 0 X 0 0 0 X 0 X 0 0 0 0 X 0 0 X 0 0 0 0 X 0 0 0 X 0 0 X X 0 0 0 0 0 X X 0 0 X 0 0 0 0 0 0 0 0 X X X 0 X 0 X 0 0 X 0 0 0 X X X 0 0 0 0 0 0 0 0 0 0 X 0 0 0 0 X 0 0 0 0 0 0 0 X 0 0 0 0 0 0 0 0 0 0 0 0 0 0 0 X 0 0 0 0 0 0 0 0 0 0 0 0 0 0 X 0 0 0 0 0 0 0 0 0 0 0 X 0 0 0 0 0 0 0 X X 0 0 X 0 X 0 X 0 X X 0 0 0 0 0 X 0 0 0 0 X 0 0 0 0 X 0 0 X X 0 0 X 0 0 0 0 0 0 X 0 0 0 X X
X 0 0 0 X 0 X 0 0 0 0 0 0 0 0 0 0 0 0 0 X 0 0 0 0 0 X 0 0 0 0 0 0 0 0 0 0 X 0 0 0 0 0 0 X 0 0 X 0 0 0 0 0 0 0 0 X X 0 0 0 0 X 0 0 0 0 0 X 0 0 X 0 0 X X 0 0 0 0 0 0 0 0 0 0 X X 0 X 0 X 0 0 0 0 X 0 0 0 0 X 0 X 0 X X X 0 0 0 0 0 0 X 0 X 0 0 0 0 0 0 0 0 0 0 0 0 0 0 0 0 0 0 X 0 X 0 0 0 X 0 0 0 0 0 0 0 0 0 0 0 X 0 0 0 0 0 0 0 X 0 0 X 0 0 0 X 0 0 0 0 0 0 0 0 0 X 0 0 X X 0 0 0 0 0 0 0 X 0 X 0 0 X X 0 0 X
X X 0 X 0 0 0 X 0 0 0 0 X 0 0 0 X 0 0 0 X 0 0 0 0 0 0 0 0 X 0 0 X 0 0 0 0 0 0 0 0 X 0 0 X 0 0 0 0 0 0 X 0 0 0 0 X X 0 0 X 0 0 0 0 0 0 0 0 0 0 0 0 0 0 X 0 X 0 0 0 X 0 0 0 0 X X 0 0 0 0 0 0 0 0 0 0 0 0 0 0 0 0 X 0 X X 0 0 0 0 X 0 0 0 X 0 0 0 0 0 0 0 X 0 0 0 0 0 0 0 X 0 0 0 0 0 X X X 0 0 0 0 0 0 0 0 0 X 0 0 0 X 0 0 0 0 0 0 0 0 0 0 X X 0 0 0 0 0 0 0 0 0 0 0 X 0 X X 0 0 X 0 0 0 0 0 0 0 0 0 X 0 X 0 0 X
X 0 0 0 0 0 0 0 X 0 0 X X 0 X 0 X X 0 0 X 0 0 0 0 X 0 0 X X 0 X X 0 X X 0 0 0 0 0 0 0 0 X 0 0 0 0 0 0 0 0 0 X 0 0 0 X 0 X X 0 0 X 0 X 0 0 X 0 0 0 0 0 0 0 0 0 0 X 0 0 0 X 0 0 X 0 0 0 0 0 0 0 0 0 0 0 0 X 0 0 0 X 0 0 X X 0 X 0 X 0 0 0 0 0 0 0 X 0 0 0 0 X 0 X 0 X 0 X 0 0 X 0 0 0 X X 0 X 0 0 0 0 0 X 0 0 0 0 0 0 0 0 0 0 0 0 X 0 0 0 X 0 0 0 0 0 0 0 0 0 0 X 0 X X 0 0 0 X 0 0 0 0 X 0 0 0 X 0 0 0 X 0 0 0 X
X 0 X 0 0 0 0 0 X 0 0 0 0 0 X X 0 0 X X X X 0 0 0 0 0 0 0 0 0 0 0 0 0 0 0 0 0 0 0 0 0 X X 0 0 0 0 X 0 0 0 0 0 0 X 0 X 0 0 0 0 0 0 0 0 0 0 0 0 0 0 0 X X X 0 X 0 0 0 0 0 X 0 0 X 0 0 0 0 0 0 0 0 0 0 0 0 0 0 0 0 0 0 X 0 0 0 0 0 0 0 0 0 X 0 0 0 X X 0 0 0 0 0 0 0 0 0 0 0 0 0 X 0 0 0 0 0 0 0 X 0 0 0 0 0 0 X X 0 X 0 0 0 0 0 0 0 0 0 0 0 0 0 X 0 0 0 0 0 0 0 X 0 0 0 0 0 X 0 0 X 0 X X 0 0 X 0 0 X 0 0 0 0 0 X
X X 0 0 0 0 0 0 0 0 X 0 X X 0 0 0 X X 0 0 0 X 0 0 0 0 0 0 0 0 0 0 0 X 0 X 0 X 0 0 X 0 0 0 0 0 0 0 X X 0 0 0 0 0 0 X 0 0 0 X 0 0 0 0 0 0 0 0 X 0 0 0 0 0 0 0 X 0 0 0 0 0 0 X 0 0 0 0 0 0 0 0 0 0 0 0 0 0 0 0 0 0 0 0 X 0 X 0 X X 0 0 0 0 0 0 0 0 X 0 0 0 0 0 0 0 0 0 X 0 X 0 0 0 0 0 0 0 X 0 X X 0 0 X 0 0 X 0 0 0 0 0 0 0 0 0 0 X 0 0 0 0 0 0 0 0 0 X X 0 0 0 0 0 0 0 0 0 0 0 0 0 0 X 0 X 0 0 0 X 0 0 0 0 0 X X
X X X 0 0 0 X 0 0 0 0 X 0 0 0 X 0 X 0 X 0 0 0 0 0 X X 0 0 0 0 0 X 0 0 0 0 X 0 X X 0 X 0 0 0 0 0 0 0 X X 0 0 0 0 0 0 0 0 0 0 0 0 0 0 0 0 0 0 X X 0 0 X 0 X 0 0 0 0 0 0 0 X 0 0 0 0 0 0 0 0 X 0 0 0 0 X 0 0 X X 0 0 0 0 0 0 0 0 0 0 0 0 0 0 X 0 0 X 0 X 0 0 0 0 0 0 0 X 0 0 0 0 0 0 0 0 0 X 0 0 0 0 0 0 0 0 X 0 X 0 0 0 0 0 X 0 0 0 0 0 0 0 0 0 0 0 X 0 0 X 0 0 0 0 0 0 0 X X 0 X 0 0 X 0 0 X 0 0 0 0 X 0 0 0 0 X
X 0 0 0 X 0 0 X 0 0 0 0 0 0 0 0 X 0 0 0 0 0 0 0 X 0 0 0 0 X X 0 0 X 0 X X 0 0 0 0 0 X 0 X 0 0 0 0 0 0 0 X 0 0 0 X 0 0 0 0 0 X X X 0 0 0 X 0 0 0 0 X X 0 0 0 0 0 0 0 0 0 X X 0 0 0 0 0 0 X 0 0 0 0 0 0 0 0 X X X 0 0 0 0 0 X 0 0 0 X 0 0 0 X 0 0 0 0 0 X 0 X 0 0 0 0 0 0 0 0 0 0 X X 0 0 0 X X X 0 0 0 0 0 0 0 0 0 0 0 0 0 0 X X 0 0 X 0 0 0 0 0 0 0 X 0 0 0 0 0 X X 0 0 0 0 0 0 0 X 0 0 0 0 0 0 0 0 0 X 0 X 0 X
X 0 0 0 0 0 0 0 0 0 X X 0 X 0 0 0 0 0 X 0 X 0 0 0 0 0 0 0 X 0 X 0 0 0 0 0 0 0 0 0 0 0 X 0 0 0 0 X 0 X 0 0 0 0 X 0 0 0 0 0 0 0 X 0 0 0 0 0 0 0 0 0 0 0 0 0 0 0 X 0 0 0 0 0 X 0 0 0 0 0 0 X X X 0 0 0 0 0 0 X 0 0 0 0 0 0 0 0 0 X 0 X 0 0 X 0 0 0 X X 0 0 0 X X 0 0 0 0 0 0 0 0 0 0 0 0 0 0 0 0 0 0 X 0 0 0 0 0 0 X 0 0 0 0 0 0 0 0 0 0 X 0 0 X 0 X 0 0 0 0 0 X 0 0 0 X 0 0 0 0 X 0 0 0 0 0 0 X 0 0 0 X 0 X X X X
X 0 0 0 0 0 X X X 0 0 0 0 0 X 0 0 0 0 0 0 X X 0 0 0 0 X 0 X 0 0 0 0 0 0 0 0 0 0 0 0 0 X 0 0 X 0 0 0 0 X 0 0 0 X 0 0 0 X 0 X 0 0 X X 0 X X 0 0 0 0 0 0 0 0 X X 0 X X 0 0 X X 0 X 0 0 0 X 0 0 0 0 0 X 0 X 0 0 0 0 0 X 0 0 X 0 0 X 0 0 X 0 0 0 0 0 0 0 0 0 X 0 X 0 0 0 0 0 0 0 0 0 0 0 0 0 0 0 0 0 0 0 0 X 0 0 0 0 0 0 X 0 0 X 0 0 0 0 0 0 0 X X 0 X 0 X 0 0 0 0 0 0 0 X 0 0 0 0 0 0 0 0 0 0 0 0 0 0 0 X 0 0 0 X X
X 0 X 0 0 X 0 0 0 0 0 0 0 X 0 0 0 0 0 0 X 0 X 0 0 0 X 0 0 0 0 0 0 0 0 0 0 0 0 0 0 0 X 0 0 0 0 0 0 0 0 X 0 0 0 X 0 0 X 0 0 X X 0 0 0 0 0 0 0 0 0 0 0 0 0 X 0 0 0 0 0 0 0 0 0 0 0 0 X X X X 0 0 0 0 0 X 0 X 0 0 0 0 0 0 0 0 X 0 0 0 0 0 0 0 0 X 0 0 0 0 0 0 X 0 0 0 0 0 X 0 0 X 0 0 0 0 0 0 0 X 0 0 0 0 0 0 0 X X 0 0 0 0 0 X 0 0 X 0 0 0 0 X 0 0 0 0 0 0 X 0 0 0 0 0 0 0 0 X X 0 0 0 0 X 0 0 0 0 0 0 X 0 0 0 0 X
X X X 0 X 0 X 0 0 X 0 0 0 X X 0 0 0 0 0 0 0 0 0 0 0 0 0 0 0 0 0 0 X 0 0 0 0 X X X 0 0 0 0 X 0 0 0 0 0 0 X 0 X 0 0 X 0 0 0 0 0 0 0 0 0 0 0 0 0 0 0 0 0 0 X 0 X 0 0 0 0 0 0 0 0 0 0 0 X 0 0 X 0 0 0 0 0 0 0 0 X 0 0 0 X X X 0 0 0 0 0 0 0 0 X 0 X 0 0 0 0 0 0 0 0 0 0 0 0 0 0 0 0 0 0 0 0 0 0 0 0 0 0 0 0 0 0 X 0 X 0 0 0 X 0 X X 0 0 0 0 0 0 0 0 0 0 X 0 0 0 X 0 0 0 0 0 0 0 X 0 0 0 0 X 0 0 0 0 X 0 X 0 0 0 0 X
X 0 X 0 X 0 X 0 0 0 0 X 0 X 0 0 0 0 0 0 0 0 0 0 0 X X 0 0 0 0 0 0 0 0 0 X 0 X 0 0 0 0 0 0 0 0 X 0 0 0 0 0 0 0 X 0 0 0 0 X 0 0 0 0 0 0 0 X 0 X X 0 0 0 X 0 0 0 X 0 0 0 0 0 0 0 X X X X 0 0 0 0 X 0 0 X 0 0 0 X 0 X X 0 0 0 0 0 0 0 X 0 0 0 X 0 0 0 0 0 0 0 0 X 0 0 0 0 X X 0 0 0 0 0 0 0 0 0 X 0 0 0 0 X X X 0 0 0 0 0 0 0 0 0 X 0 X 0 0 X 0 X X 0 0 0 0 0 X X X X 0 0 0 X 0 0 0 0 0 0 0 X X 0 0 X 0 0 0 X 0 0 X
X 0 0 0 0 0 0 0 0 0 X X 0 0 0 0 0 X 0 0 X 0 0 0 0 0 X 0 X 0 0 X 0 0 0 0 0 0 0 0 0 X 0 0 X 0 0 0 0 X 0 0 0 0 X 0 X 0 0 X 0 0 0 0 0 0 0 0 0 0 0 0 X X X 0 0 0 0 0 0 0 0 X X 0 0 X 0 0 X 0 0 0 X 0 0 0 X X X X X 0 0 0 0 0 0 0 0 0 0 0 0 0 X 0 0 0 X 0 0 0 0 X 0 0 0 X 0 0 0 0 0 0 X 0 0 0 0 0 0 0 0 X X X 0 X 0 0 0 0 0 0 X 0 X 0 0 0 0 0 X 0 0 0 0 0 0 X 0 0 0 0 0 0 X X 0 0 X 0 0 0 0 0 0 X 0 0 0 0 0 X 0 0 0 X
X 0 X 0 X 0 0 0 X X 0 0 0 0 0 0 0 X 0 0 0 0 0 0 0 X X X 0 X 0 0 0 X 0 0 0 0 X 0 0 0 0 X 0 0 0 X 0 0 0 0 X 0 0 0 0 X 0 0 0 0 0 0 0 0 0 0 0 X 0 0 X X X 0 0 0 X 0 0 X 0 X 0 0 0 0 0 0 0 0 X 0 0 0 0 0 0 0 0 0 0 X 0 0 0 0 0 0 0 0 X 0 0 0 X 0 0 0 0 X 0 0 0 0 0 0 0 0 X X X 0 0 0 0 0 0 0 0 0 0 0 0 0 0 X 0 X 0 0 0 X 0 0 0 0 0 0 0 0 0 0 0 0 0 0 X 0 0 X X 0 0 0 X 0 0 0 0 0 0 0 0 X 0 0 X X 0 0 0 0 0 0 X 0 0 X
X 0 X 0 0 0 0 0 0 0 X 0 0 0 0 0 X 0 0 0 X X X 0 0 0 0 0 0 0 0 0 0 0 0 0 0 0 0 X 0 0 0 0 0 X 0 0 X 0 0 0 0 0 0 0 0 X 0 X 0 X X 0 0 0 0 0 X 0 X 0 0 0 0 0 0 X 0 0 0 0 0 0 0 0 0 0 0 0 X 0 0 0 0 0 0 X 0 0 X 0 X X 0 0 0 X 0 0 0 X 0 0 0 0 0 0 0 0 0 0 0 0 0 0 X 0 X X X 0 0 X 0 0 0 X 0 0 0 0 X 0 0 0 0 0 X 0 0 0 X X X X X 0 0 0 0 X 0 0 0 0 0 0 0 0 X 0 0 0 0 X 0 0 0 0 0 X 0 0 0 X 0 0 0 0 X X 0 X X X 0 X 0 X
X 0 0 0 0 X X 0 0 0 0 X X 0 X 0 0 0 X 0 0 0 0 0 0 0 0 0 0 0 X 0 0 0 X 0 0 0 X 0 0 0 0 0 0 0 X 0 0 0 0 0 0 0 X X X 0 0 0 0 X 0 0 0 0 X 0 X 0 X X X 0 0 0 X 0 0 0 X X 0 0 0 X 0 0 0 0 0 0 0 0 X 0 0 0 X 0 0 0 0 0 0 X 0 0 0 0 X X X 0 0 0 0 0 0 0 0 0 0 0 0 0 0 0 0 X 0 X 0 0 X 0 0 X 0 0 0 0 0 0 0 0 0 0 0 0 0 0 0 0 0 0 0 0 0 0 0 0 X 0 0 0 0 X 0 0 0 0 0 X 0 0 0 0 0 X 0 0 0 0 0 0 0 X 0 0 0 0 X 0 0 X 0 0 0 X
X 0 X X 0 0 0 X 0 0 0 0 0 0 0 0 0 0 0 0 0 X 0 0 0 0 0 0 0 0 0 X 0 X 0 0 X 0 0 0 X 0 0 0 0 0 X 0 0 0 X 0 0 0 0 0 0 0 0 0 X 0 0 0 0 0 0 0 X 0 0 0 0 0 X 0 0 0 0 0 0 0 0 0 0 0 0 0 0 X X X 0 0 0 0 X X 0 0 0 X 0 0 X X X 0 0 X 0 X 0 0 0 0 0 X 0 X 0 0 0 0 0 X 0 0 X 0 0 0 0 X 0 0 0 0 0 0 X 0 X 0 0 0 X 0 X 0 X 0 0 0 0 0 0 X 0 0 0 0 0 0 0 0 0 0 0 X 0 X 0 0 0 X 0 X 0 0 0 X 0 0 X 0 0 0 0 X 0 X 0 0 0 0 0 0 0 X
X X X 0 0 0 0 0 0 0 0 0 X 0 0 0 0 0 X 0 0 0 0 0 X 0 X 0 0 0 0 0 0 0 0 0 X 0 0 0 0 0 0 0 0 0 0 X 0 X 0 0 0 0 0 X X X X 0 0 X 0 0 0 X X 0 0 0 0 X 0 X 0 0 X X 0 0 X 0 0 0 0 0 0 0 0 0 0 X 0 X 0 0 0 0 0 X 0 0 X 0 0 X 0 X 0 0 X X 0 0 0 0 X 0 X 0 0 0 X X 0 X 0 0 0 X 0 0 X 0 0 0 0 X X 0 0 0 0 0 0 0 X 0 0 X 0 0 0 0 0 0 0 0 0 0 0 X 0 0 0 0 X X 0 0 0 X 0 X 0 0 0 0 0 0 0 0 0 0 X X 0 X 0 0 0 X X 0 0 0 0 X 0 X
X 0 0 0 X 0 0 X 0 0 0 0 0 0 0 0 X 0 0 X 0 0 0 0 0 0 0 0 X 0 0 0 0 0 0 0 0 0 0 X 0 0 0 0 0 0 0 0 0 0 X 0 0 X 0 0 0 0 0 0 X 0 0 0 0 0 0 X 0 0 0 0 0 X 0 X 0 0 0 0 0 0 X 0 0 0 0 0 X X 0 0 0 0 0 X X 0 0 0 0 X 0 0 0 0 0 0 0 0 0 X 0 0 0 0 X X 0 0 X 0 0 X 0 X 0 0 0 0 0 0 X 0 0 0 0 0 0 0 0 0 0 0 0 0 X 0 0 X 0 0 X 0 0 0 X X 0 0 0 0 X 0 0 0 X 0 0 X X 0 0 0 0 0 0 0 0 0 0 X X 0 0 0 0 0 0 0 0 0 0 X 0 0 0 0 0 X
X X X 0 X 0 X 0 0 0 X 0 X 0 0 0 0 X 0 X 0 0 X X 0 0 0 X 0 0 0 0 0 X 0 0 X 0 0 0 0 0 0 0 0 0 0 0 X X 0 0 0 0 0 0 0 X 0 X X 0 0 0 0 X 0 0 0 0 X 0 X X X X X 0 0 0 0 0 X 0 0 0 0 X 0 0 0 0 0 X 0 0 0 X X X 0 0 0 0 X 0 0 0 0 0 0 X 0 0 0 X 0 X 0 0 0 X X 0 0 0 0 0 0 0 0 0 X 0 0 X 0 0 0 0 0 0 0 0 0 0 0 X 0 0 X 0 0 0 0 0 0 0 X 0 0 0 0 0 0 X 0 0 0 0 0 0 X 0 0 0 0 X 0 0 X 0 0 0 X 0 X 0 0 0 0 0 0 0 0 0 0 0 0 X
X X 0 0 0 X 0 0 0 0 0 0 0 0 X 0 0 0 X 0 X X 0 0 0 X 0 X X 0 0 0 0 X 0 0 0 0 0 0 0 X X 0 X 0 X X X 0 0 0 0 0 X 0 0 0 X 0 0 0 X 0 0 0 0 0 0 0 0 0 0 0 0 0 0 0 0 0 0 0 0 0 0 0 0 0 X X 0 0 0 0 0 X 0 X 0 0 X 0 0 X 0 0 0 0 0 X 0 0 0 X X 0 0 X 0 0 0 0 0 0 0 X 0 0 0 0 0 0 X 0 0 0 X 0 0 0 0 X 0 0 0 0 0 X 0 0 X X 0 0 X X 0 X X 0 0 0 0 0 X X X 0 0 X 0 0 0 0 X X 0 0 X 0 0 0 X X 0 X X 0 X 0 X 0 0 0 X 0 0 0 X X
X 0 0 0 0 0 X 0 X X X 0 0 X X 0 0 0 X 0 0 0 0 0 0 0 0 0 0 0 0 X 0 X 0 0 X 0 0 X 0 X 0 0 0 X 0 0 X 0 0 0 X 0 0 0 0 0 0 X 0 0 0 0 0 0 X 0 0 0 0 0 0 0 0 0 0 0 0 X 0 0 X 0 X 0 0 0 0 0 0 0 0 0 0 0 0 0 0 0 0 0 0 0 X X X X 0 0 0 X 0 0 0 0 X 0 X 0 0 0 0 0 0 0 0 X 0 0 X 0 X 0 0 0 0 0 0 0 X X X 0 0 0 0 0 0 0 0 X 0 0 0 0 X 0 0 0 0 0 0 0 0 0 X 0 0 0 0 0 0 X X 0 0 0 0 0 0 0 0 0 0 X 0 0 0 X 0 0 0 0 0 0 0 0 X X
X 0 0 0 X 0 0 0 0 0 X X 0 0 0 0 X X X X X 0 X 0 X 0 0 0 0 X 0 0 X 0 0 0 0 0 0 0 0 0 X 0 0 0 0 X 0 0 0 0 X 0 0 X 0 X X 0 0 X X 0 0 0 0 0 0 0 0 0 0 X X 0 0 0 0 0 0 X X 0 0 0 0 0 0 0 0 0 0 0 X 0 0 0 0 0 X 0 X X 0 0 0 0 0 0 0 0 0 0 0 0 0 0 X 0 0 0 X 0 X 0 0 X 0 0 0 0 0 0 X 0 0 0 0 0 0 0 0 0 0 0 X 0 0 0 0 X 0 0 0 X 0 0 0 0 0 0 0 0 0 0 0 0 0 0 0 X 0 0 0 0 0 0 0 0 0 X 0 0 X 0 0 0 0 0 0 0 0 0 0 0 X 0 0 X
X 0 0 0 0 0 0 0 0 0 0 0 0 0 0 0 0 0 0 0 X 0 X X 0 0 X 0 0 0 0 0 0 0 X 0 0 0 0 X X 0 0 0 X 0 0 0 0 0 0 0 0 X X 0 0 0 0 X X 0 X 0 0 X 0 0 0 0 0 0 0 0 0 0 0 0 0 0 0 0 X 0 0 X 0 0 0 0 0 0 0 0 0 0 0 0 0 0 0 X 0 0 0 0 X 0 0 0 X X X 0 0 0 0 X 0 0 0 0 0 X 0 0 0 0 0 0 0 0 X X X 0 0 0 0 0 0 0 0 X 0 0 0 X 0 X 0 0 0 0 0 0 0 0 X 0 0 X 0 0 0 0 X 0 0 X 0 0 X 0 0 X 0 0 0 X 0 0 X 0 X 0 X 0 X 0 0 0 X X X 0 X 0 0 X
X 0 0 0 0 X 0 0 0 0 X 0 0 0 0 0 0 0 0 0 0 0 0 0 0 0 0 X X 0 X 0 0 0 X 0 0 0 0 0 X 0 0 0 0 0 0 0 0 0 0 0 0 0 0 0 0 0 0 0 0 X 0 X 0 X 0 0 0 0 0 0 X 0 X 0 0 X X 0 0 0 X 0 0 0 0 0 0 0 0 X 0 0 X 0 0 0 0 0 X 0 0 0 X 0 0 0 0 X 0 0 0 X X 0 0 0 0 X 0 0 0 0 0 0 0 0 0 X 0 X 0 0 0 0 0 0 0 0 0 0 0 X 0 0 0 0 0 X 0 X 0 0 0 0 0 0 0 0 0 0 X 0 0 X X 0 0 X 0 X 0 X 0 0 X 0 0 0 0 0 0 0 0 0 X 0 0 X 0 0 0 X 0 0 0 0 X X
X 0 0 X 0 X 0 0 0 X 0 0 0 0 X 0 0 0 0 0 0 0 0 0 0 0 X 0 0 X 0 0 X 0 X 0 0 0 0 0 X 0 0 0 0 0 0 0 0 0 0 0 X 0 X 0 X X 0 X X 0 0 X 0 0 X 0 0 0 0 0 0 0 0 0 X X X 0 0 0 0 0 0 X X X 0 0 0 X 0 0 0 X 0 X 0 0 0 X 0 0 0 0 0 0 0 X 0 0 X X X 0 0 0 0 0 X X 0 0 0 0 0 0 0 0 0 0 X 0 0 0 X 0 0 X 0 X 0 0 0 0 0 0 0 0 0 X 0 0 0 0 X 0 0 0 0 0 0 0 0 0 0 0 0 0 0 0 0 X 0 0 0 0 0 X 0 0 0 0 0 X 0 0 0 0 X 0 0 0 0 0 0 0 0 X
X 0 0 0 0 0 0 0 0 0 0 0 0 0 0 X 0 0 0 0 0 0 0 X 0 0 0 0 0 0 0 0 0 0 X 0 0 0 0 0 0 X 0 0 0 X X X X 0 0 X 0 0 0 0 0 0 0 0 0 X X 0 0 0 0 0 X 0 X 0 0 0 X 0 X 0 0 0 X 0 0 X 0 0 0 0 0 0 X 0 0 0 0 0 0 0 0 0 0 X 0 0 0 0 0 X X 0 X 0 0 0 0 0 X X 0 0 0 X 0 X X X 0 0 0 0 0 0 0 0 0 X 0 0 0 0 0 X 0 X 0 0 X 0 X 0 0 X 0 0 X 0 0 0 0 0 0 0 0 0 0 0 0 X 0 0 0 0 X X 0 0 X 0 0 0 0 0 0 0 X 0 X 0 0 0 0 0 0 X 0 0 0 X 0 X
X 0 0 0 0 0 0 0 X X X 0 0 0 0 0 0 0 0 0 0 0 0 0 X 0 0 0 0 X X 0 0 0 X 0 0 X 0 0 0 0 0 0 0 0 0 X 0 0 0 X 0 0 0 0 0 X X X X 0 0 0 0 0 0 0 0 0 0 0 0 0 0 0 0 X 0 0 0 0 0 0 X 0 X 0 X 0 0 0 0 0 0 0 0 0 0 0 0 0 0 0 0 X 0 0 0 X 0 0 0 0 0 X 0 X 0 0 X 0 0 0 0 0 0 0 0 0 0 0 0 0 X 0 0 0 0 X 0 0 0 0 X 0 0 0 0 X 0 X 0 X 0 0 0 0 0 0 0 0 0 0 0 0 0 0 0 X 0 X 0 0 0 0 0 X 0 0 0 0 X 0 X X 0 X 0 0 0 0 0 0 0 0 0 0 0 X
X 0 0 X 0 0 X X 0 X 0 0 X X 0 0 X 0 0 X 0 X X 0 0 X 0 0 0 X X 0 0 0 0 0 0 0 0 0 X X 0 X 0 0 0 0 0 0 0 0 X X 0 0 0 0 0 0 0 X X 0 0 0 0 0 0 0 0 X 0 0 0 0 X 0 0 X 0 0 0 0 0 X 0 0 0 X 0 0 0 0 0 0 0 0 0 0 0 0 0 X 0 0 0 X 0 0 0 0 X 0 0 0 0 0 0 0 0 0 0 0 X 0 0 X 0 0 0 0 0 0 0 X 0 0 0 0 0 0 0 0 0 0 X 0 0 X X 0 0 0 0 0 0 X X 0 X 0 0 0 0 0 0 0 0 0 X 0 0 0 X 0 X X 0 0 0 0 0 0 X 0 0 0 0 0 0 0 X X 0 0 0 0 0 X
X 0 0 0 0 0 X 0 0 0 0 0 X 0 X 0 0 0 0 0 0 0 0 0 0 X 0 0 0 X 0 0 0 0 0 0 0 0 0 0 0 0 0 X 0 0 0 0 0 0 0 0 0 0 0 0 0 X 0 0 0 0 X 0 0 0 0 0 0 0 0 0 0 X 0 0 0 X 0 X 0 0 0 0 X 0 0 0 0 0 0 0 0 0 0 0 X 0 0 0 0 0 0 X 0 0 0 0 0 0 X X 0 X 0 0 0 0 X X 0 0 0 0 0 0 0 0 0 0 0 0 0 0 0 0 0 0 0 0 0 0 0 0 0 0 0 0 X X 0 0 0 0 0 0 X X X 0 0 0 0 0 0 0 0 0 0 0 0 0 X 0 X 0 0 0 0 0 0 0 X 0 0 0 0 X 0 0 0 0 X 0 0 0 X 0 0 X
X 0 0 0 X 0 0 0 0 0 X 0 0 X 0 0 0 0 0 0 X 0 X 0 0 X 0 0 X X 0 0 0 0 0 0 0 0 X X 0 0 X 0 0 X 0 0 0 0 0 0 0 X 0 0 X 0 X 0 0 X 0 0 0 X 0 0 X 0 0 0 0 0 0 X 0 0 0 0 0 0 0 0 X 0 0 0 0 0 0 X 0 0 0 0 0 0 0 0 0 X 0 0 0 0 0 X 0 0 0 0 0 0 0 0 X 0 0 0 0 0 X 0 0 X 0 0 0 0 0 X X 0 X 0 0 0 0 0 0 X 0 0 0 0 X 0 0 0 0 0 X 0 0 0 0 0 0 X X 0 0 0 0 0 0 0 X 0 0 0 X 0 0 0 0 0 0 0 X 0 0 0 0 0 0 0 0 0 X 0 0 X 0 0 0 X 0 X
X 0 0 0 0 X 0 0 0 0 0 0 0 0 0 0 0 X 0 0 0 X 0 0 0 X X 0 0 0 0 0 0 0 X 0 0 0 0 0 0 X 0 0 0 0 0 0 0 0 0 0 0 0 X 0 X 0 0 0 X 0 0 X 0 0 0 0 0 X 0 X 0 0 0 0 0 0 X 0 0 0 0 0 X X 0 0 0 0 0 0 0 0 0 0 0 0 0 0 0 0 X 0 0 X X 0 X X 0 0 0 0 0 0 0 X 0 0 X 0 0 X 0 0 0 0 0 0 X 0 0 0 0 X 0 X 0 0 X 0 0 0 0 0 0 X 0 X 0 0 0 X 0 0 0 X 0 X 0 0 0 X X 0 0 0 0 X 0 0 X 0 X 0 0 0 0 0 0 0 0 0 0 0 0 0 0 0 0 0 0 X X 0 0 0 0 X
X 0 X 0 0 0 0 X 0 0 0 X 0 0 0 0 0 0 0 X 0 0 0 0 0 0 0 0 X X 0 X 0 0 0 0 0 0 0 X 0 0 0 X 0 0 0 0 0 0 0 0 0 X 0 0 0 0 0 X 0 0 X 0 0 0 0 X 0 X X 0 0 0 0 X 0 0 0 X 0 0 0 X 0 0 X 0 0 0 0 0 X X 0 0 0 0 0 0 0 X 0 0 X 0 0 0 0 X 0 X 0 X 0 0 0 0 0 0 0 0 X 0 X 0 0 0 0 X 0 0 0 0 0 X 0 0 0 0 X 0 X 0 0 0 0 X 0 0 0 X X 0 0 0 X 0 0 0 0 0 X 0 0 0 0 0 0 0 0 0 0 0 X X X 0 0 0 0 X 0 0 0 0 0 0 0 0 0 X X 0 X 0 0 0 0 X
X 0 0 0 0 0 0 0 0 0 0 0 0 0 X 0 X 0 0 0 X 0 0 X 0 0 0 0 0 0 0 0 0 0 0 0 0 0 0 0 X 0 X 0 0 0 0 0 0 0 0 0 X 0 0 X X 0 0 0 X 0 0 X 0 0 0 0 0 0 0 0 X 0 0 0 0 0 0 X 0 0 0 0 0 0 0 0 0 0 0 0 0 X X 0 0 X 0 0 0 0 0 0 0 X X 0 0 0 0 0 X X 0 0 X 0 0 X 0 0 0 X X 0 0 X 0 0 0 0 0 0 0 0 0 0 0 0 0 0 X X X 0 X 0 0 0 0 0 X X 0 0 0 0 0 X 0 0 X 0 0 0 0 X 0 0 0 X 0 0 0 0 0 0 0 0 X 0 0 X 0 0 0 0 0 0 0 0 0 0 0 0 0 0 0 X
X 0 X X 0 0 0 X 0 0 0 0 0 0 X X 0 0 0 0 0 0 0 0 0 0 0 0 0 0 X X X 0 X 0 0 X 0 0 0 0 0 0 0 0 X X 0 0 0 X X 0 X X X 0 0 0 0 0 0 0 X 0 X X 0 0 0 0 0 0 0 0 0 0 0 0 0 X 0 0 0 0 0 0 0 0 X X 0 0 0 0 0 X X 0 X 0 0 0 0 0 0 X 0 X 0 X 0 0 0 0 0 0 0 0 0 0 0 0 0 0 0 X 0 0 0 X 0 X 0 0 0 0 0 0 X 0 0 0 X 0 X 0 0 0 0 X 0 0 X 0 0 X 0 0 0 0 0 0 X X X 0 0 0 0 0 X 0 0 0 X X 0 0 0 0 0 0 0 0 0 0 X 0 0 X 0 0 X 0 X 0 X X
X 0 X 0 0 0 X 0 0 0 X X X 0 0 0 0 X X 0 X 0 0 0 0 X 0 0 0 0 0 X 0 0 0 X X 0 0 X 0 X X 0 0 0 X 0 0 0 0 X 0 0 0 0 0 0 X 0 0 0 0 0 0 0 0 0 X 0 0 0 0 0 0 0 0 0 0 0 0 X X X X 0 0 0 0 X 0 0 X 0 0 0 X 0 0 0 0 0 0 X 0 0 X 0 X 0 0 X 0 X X X 0 0 0 0 0 0 0 0 0 0 0 0 X 0 0 X 0 0 0 X 0 0 X 0 X 0 0 X X 0 0 0 X 0 0 0 0 0 0 X 0 0 0 0 X X 0 X X 0 0 X X 0 0 0 0 0 0 X 0 0 0 0 X X 0 0 0 0 0 X 0 0 0 0 0 X 0 0 0 0 0 X
X 0 0 0 X X 0 0 0 0 0 X 0 0 0 0 0 0 0 0 X X 0 0 0 0 X 0 0 0 0 X 0 0 0 X 0 X 0 0 0 0 X 0 0 0 0 0 0 0 0 0 0 0 X 0 X 0 0 0 0 X 0 0 0 0 0 X 0 X 0 0 X X 0 0 0 0 0 0 X 0 0 0 0 0 0 0 0 0 0 0 0 0 X 0 0 X 0 0 0 0 0 0 X 0 0 0 0 0 0 0 0 0 X 0 0 0 0 0 X X 0 0 0 0 X 0 0 X 0 0 0 0 0 0 0 0 0 0 0 0 0 0 0 0 0 X 0 0 X 0 0 0 0 0 X X 0 0 X 0 0 X 0 0 0 0 0 0 0 0 0 0 0 0 0 0 0 X X 0 0 0 0 0 X 0 0 0 X X 0 0 0 X 0 0 0 X
X X 0 0 X 0 0 0 X X 0 0 0 0 0 0 0 0 0 0 0 0 0 X 0 0 0 X X 0 0 0 0 0 0 0 0 0 0 X 0 0 0 X 0 0 0 0 0 0 X 0 0 X 0 0 0 0 X 0 0 0 X X 0 X 0 0 0 0 0 0 0 0 0 X 0 X 0 X 0 0 0 0 0 X X 0 0 0 X 0 0 0 0 0 0 0 0 0 0 X X 0 0 0 0 X 0 0 0 0 0 0 0 X 0 X 0 X 0 X 0 X 0 0 X 0 0 0 0 0 0 0 0 0 0 0 0 0 0 0 X 0 0 0 0 0 X X 0 0 X 0 0 0 0 X 0 0 0 0 0 X 0 0 0 0 X 0 0 X 0 0 0 0 0 0 0 0 0 0 0 0 X 0 0 0 0 X X 0 X 0 0 0 0 X X X
X 0 0 0 0 0 0 0 0 0 0 0 X 0 0 X 0 0 0 0 0 0 0 X 0 0 X 0 0 0 0 0 0 0 0 X 0 0 0 0 0 0 0 0 0 0 0 0 0 0 X X X X X 0 0 X X 0 0 0 0 X X 0 0 0 X X 0 0 X 0 X 0 0 X 0 0 X 0 0 0 0 0 0 0 0 0 0 0 X X X X X X 0 0 0 0 0 X 0 0 0 0 0 X 0 0 0 0 0 0 0 0 0 0 X 0 0 X 0 X 0 0 0 X 0 0 0 0 0 0 X 0 0 X 0 0 0 X 0 0 X 0 0 0 0 0 0 0 0 0 0 0 0 0 0 0 0 0 0 0 X X X 0 0 0 0 X 0 0 0 0 0 0 0 0 0 0 0 0 0 X 0 0 0 0 0 0 0 0 0 0 0 X
X 0 0 0 0 0 0 X X 0 0 0 0 0 0 0 0 0 0 0 0 X X 0 0 0 X 0 0 0 0 0 0 X X 0 0 0 0 X X X 0 X 0 X 0 0 0 X X 0 0 0 X 0 0 0 0 0 0 X 0 0 X X 0 0 0 X 0 0 0 0 X X 0 0 0 0 0 0 0 0 0 0 0 X 0 0 X 0 0 X X X 0 0 0 X 0 0 0 0 0 0 0 X 0 0 0 0 0 0 X X 0 X 0 0 0 0 X 0 0 0 0 0 0 0 0 0 0 X 0 X 0 0 X 0 0 X X 0 0 0 0 X 0 X 0 0 X 0 0 0 X 0 0 0 0 X 0 0 0 0 0 0 X 0 X 0 0 0 X 0 0 0 0 0 0 0 0 X 0 0 0 0 0 0 0 0 0 0 0 0 0 X 0 X
X X 0 X 0 0 0 0 X X 0 0 0 0 0 0 0 0 X X 0 0 X 0 0 0 X 0 0 0 0 0 0 X 0 0 X 0 X 0 0 X 0 0 0 0 0 0 0 0 X 0 0 0 0 0 X 0 0 0 0 0 0 0 0 X 0 0 0 0 0 0 0 X X X 0 0 0 0 X 0 X X 0 0 0 0 0 X 0 0 0 X 0 0 0 0 0 X 0 0 X 0 0 0 0 0 0 0 0 0 0 0 0 0 0 X 0 0 0 0 0 0 0 0 X 0 0 0 0 X X 0 0 0 0 0 0 0 0 0 0 0 0 0 0 0 0 X 0 X 0 0 0 X 0 X 0 0 0 0 0 X 0 X X 0 0 0 0 0 0 X X 0 0 X X 0 0 0 0 X 0 0 0 0 0 0 0 0 0 0 0 0 X X X X
X 0 0 0 0 X 0 0 X X X 0 0 0 0 0 0 0 0 X 0 X 0 0 0 X 0 0 0 0 0 0 X 0 0 X 0 0 0 0 0 0 0 0 0 0 X X 0 0 0 X 0 X 0 0 0 0 0 0 0 0 X X 0 0 0 X 0 0 0 0 0 0 0 0 0 0 X X 0 0 0 0 0 0 X 0 0 0 0 X 0 0 0 X 0 X 0 X 0 0 0 0 0 0 0 X 0 0 X 0 0 0 0 0 0 0 0 X 0 0 0 0 X X 0 0 0 0 X 0 0 0 0 X X 0 0 0 0 0 0 X 0 0 0 0 0 0 0 0 0 X 0 0 0 0 0 X 0 0 0 0 0 0 0 0 0 0 0 0 0 0 0 0 0 0 X 0 0 0 0 0 0 0 X X 0 0 0 X 0 0 0 0 0 0 X X
X 0 0 0 0 0 0 0 0 0 0 0 X 0 0 0 0 0 0 0 X 0 0 0 0 0 0 0 0 0 0 X 0 0 0 0 0 X 0 0 X 0 0 0 0 0 X 0 0 X X 0 X 0 0 0 0 X 0 0 0 0 0 X X 0 X X 0 0 X 0 0 X 0 X 0 0 0 0 0 0 0 X X 0 0 0 X 0 0 0 X 0 0 0 0 0 0 X 0 0 X 0 0 0 0 0 0 0 0 0 0 0 0 0 0 0 0 0 0 0 0 X X 0 0 0 0 0 X X 0 0 0 0 0 X 0 X 0 0 0 0 0 0 0 X 0 0 0 0 0 0 0 0 0 X 0 X 0 X 0 0 0 0 0 0 0 X 0 0 0 0 0 0 0 0 X 0 0 X 0 0 0 X 0 0 X 0 0 X 0 0 0 0 0 0 0 X
X 0 0 0 0 X X 0 0 0 X 0 X 0 0 X 0 0 0 0 0 0 0 0 0 0 0 0 0 0 0 0 0 0 X 0 0 0 0 X 0 0 0 0 0 X 0 X 0 X 0 0 0 X 0 0 X 0 0 0 0 0 0 0 0 0 0 0 0 0 0 0 X X 0 0 0 0 0 0 0 0 X 0 0 0 0 X 0 0 0 0 0 0 0 0 0 0 X X 0 0 0 0 0 0 0 0 0 0 0 X 0 0 X X 0 0 X 0 0 0 0 0 0 0 0 0 0 X 0 X X 0 0 0 0 0 0 X 0 0 0 0 X 0 X 0 0 0 X 0 0 X X 0 X 0 X X X 0 0 X 0 X 0 X X 0 X X 0 0 0 0 0 0 0 X 0 X 0 0 0 0 0 0 0 0 0 0 0 0 X X X 0 0 X
X 0 0 0 0 0 0 0 0 0 X X 0 0 X 0 0 X 0 0 X 0 0 X X 0 0 0 0 0 0 0 X 0 0 0 X 0 0 X 0 0 0 0 X 0 0 0 0 X 0 0 0 X 0 0 0 0 0 0 0 0 X 0 0 0 X X 0 0 0 0 0 0 0 X 0 0 0 X 0 0 X 0 0 0 0 X 0 0 0 0 0 0 0 0 0 0 X 0 X 0 X 0 0 0 0 0 0 0 0 0 0 0 0 0 0 0 0 0 0 0 0 0 X X 0 0 X X X 0 0 0 0 X 0 0 0 0 0 0 0 0 0 0 X X 0 0 0 0 0 X 0 0 0 0 X 0 0 0 0 0 X 0 0 0 0 0 0 X X 0 0 0 0 0 0 0 0 0 0 X 0 0 0 X X 0 0 0 0 0 0 0 0 0 0 X
X 0 0 X 0 X 0 X 0 0 0 0 X 0 0 0 0 0 0 0 0 X X X X 0 0 0 0 0 X 0 0 0 0 0 0 0 0 0 0 0 0 0 0 0 0 0 0 0 X X X X 0 0 X 0 0 X X 0 0 0 X X 0 0 0 X 0 0 0 0 0 0 0 0 0 0 0 0 0 0 0 X 0 0 0 0 0 0 0 0 0 X 0 0 X 0 0 0 0 X 0 0 0 0 0 0 X 0 0 0 0 X 0 0 0 0 0 0 0 0 0 0 X X 0 0 0 X 0 0 0 0 X 0 X 0 0 X X 0 X 0 X 0 0 0 0 0 0 0 0 0 X 0 0 X 0 0 0 0 0 0 X 0 0 0 X X 0 0 0 0 0 X 0 0 X X 0 0 X 0 0 0 0 0 0 0 X 0 X 0 0 0 0 X
X 0 X 0 0 0 0 X 0 X 0 0 X 0 0 X 0 0 0 0 0 0 0 0 X X X 0 0 X X 0 0 0 0 0 0 0 X 0 0 0 0 0 0 0 0 0 0 X 0 0 0 0 0 0 0 0 0 0 0 0 0 0 0 0 X 0 0 0 0 0 0 0 0 0 X 0 0 0 0 0 0 0 X X 0 0 0 0 0 0 0 0 X 0 0 0 0 X 0 0 0 0 0 0 0 0 0 0 0 0 0 0 0 0 0 0 0 0 X 0 0 0 0 0 0 0 0 0 0 0 0 0 X 0 0 0 0 0 X 0 0 0 0 0 0 0 0 0 0 0 0 X 0 0 0 0 X X 0 0 0 0 0 0 0 0 X 0 0 0 0 0 0 0 0 0 0 0 0 0 X 0 0 0 X 0 0 0 0 0 X 0 0 0 0 X 0 X
X 0 0 0 0 0 0 0 0 0 0 0 0 0 0 0 0 0 X 0 0 0 X X 0 0 0 0 X X 0 0 X 0 0 X 0 0 0 0 0 0 0 X X 0 0 0 X 0 0 X 0 0 X 0 X X 0 0 0 X 0 0 0 0 0 X 0 0 X 0 0 X 0 0 0 0 0 0 X 0 0 0 0 X X 0 0 0 0 0 0 0 0 X X 0 0 X X 0 X 0 0 X 0 0 0 0 0 0 0 0 0 0 0 0 X 0 0 X 0 0 0 0 0 X X 0 0 0 0 X 0 0 0 0 0 0 0 0 0 X 0 0 0 X 0 0 0 0 0 0 0 0 0 X 0 0 0 0 0 0 0 0 0 X 0 X 0 0 0 0 0 0 0 0 0 0 0 0 X 0 0 X X 0 0 0 X 0 X 0 0 0 0 0 0 X
X 0 0 0 0 0 0 0 0 0 0 0 0 0 X 0 0 X X X 0 0 0 0 0 0 0 0 0 0 0 0 0 X 0 0 0 0 0 0 0 X 0 0 0 0 0 0 0 0 0 0 0 0 0 0 X 0 0 0 0 0 0 0 0 0 X X 0 X 0 0 0 0 X 0 0 0 0 0 0 X 0 0 0 0 X X 0 0 X 0 0 X 0 0 0 X 0 0 0 0 0 0 0 0 0 0 0 0 0 0 0 0 X X 0 0 0 0 0 0 0 0 0 0 0 0 X 0 0 0 X 0 0 0 0 0 0 X 0 0 0 0 0 0 X 0 0 0 0 0 X 0 0 0 0 0 0 0 0 0 0 0 X 0 0 0 0 X 0 0 0 0 X 0 0 0 0 X 0 0 X 0 0 0 0 0 X 0 0 X 0 0 X 0 0 X 0 X
X 0 0 0 X 0 X 0 0 0 0 0 0 0 0 0 X 0 0 X 0 0 0 0 0 0 X 0 0 0 0 X 0 X 0 0 0 0 X 0 0 X 0 0 0 0 0 X X 0 0 0 0 0 0 0 0 0 0 0 0 0 0 0 0 0 0 0 0 0 0 0 0 X 0 X 0 0 0 0 0 0 X 0 0 0 0 X 0 0 0 X 0 0 0 0 0 0 0 0 0 X 0 0 0 0 0 0 0 X X 0 0 X X 0 0 0 X X 0 0 0 0 0 0 0 0 0 0 0 X 0 0 0 0 0 0 0 X X 0 0 0 0 0 0 0 X 0 0 0 0 0 0 0 0 0 0 X 0 0 0 0 0 0 0 X 0 0 0 X 0 0 0 0 0 0 0 X 0 0 X 0 0 0 0 X 0 0 0 0 0 0 0 0 X 0 X X
X X 0 0 0 0 0 X X 0 0 0 0 0 X 0 0 X 0 0 0 0 0 0 0 0 0 0 0 0 0 0 0 0 0 X X 0 0 0 0 0 X 0 0 0 0 0 X 0 X 0 0 0 0 0 X 0 X 0 0 0 0 0 0 X 0 0 0 0 X X 0 0 0 X X X 0 0 0 X X 0 0 0 X 0 0 0 0 X 0 X 0 X 0 0 0 0 0 0 0 X 0 0 X 0 0 0 0 0 0 0 0 X 0 X 0 0 0 0 0 0 0 0 0 0 X 0 X 0 0 X 0 0 0 0 X X 0 0 0 0 0 0 0 0 0 X 0 0 0 0 0 0 0 0 0 0 X 0 0 0 0 X 0 0 0 0 0 0 0 0 0 X 0 0 0 0 0 X 0 0 0 X 0 0 0 0 0 0 0 0 0 0 0 0 0 X
X 0 0 0 0 0 0 0 0 0 X 0 0 0 0 0 0 0 X 0 X X 0 0 0 0 0 X 0 X 0 X X X X 0 0 0 X X 0 0 X 0 0 0 X 0 X X 0 0 0 X 0 0 X X 0 0 0 0 0 0 0 0 0 X X 0 0 0 0 0 0 0 0 0 0 0 0 X 0 0 0 0 0 0 X X X X 0 X 0 0 0 0 0 X 0 X 0 0 0 0 X 0 0 0 0 0 0 0 0 X 0 0 0 0 0 0 0 X X 0 0 0 X 0 0 0 0 0 0 0 0 X 0 0 0 0 0 0 X 0 0 0 0 X 0 0 X 0 0 0 0 0 0 0 0 0 0 0 0 0 X X X 0 0 0 0 0 0 0 0 0 0 0 0 X 0 X 0 0 0 X 0 0 0 0 0 0 0 0 0 X 0 X
X 0 0 0 0 X 0 0 0 0 0 0 X 0 X X 0 0 0 0 X 0 0 0 X 0 0 0 0 0 0 0 0 0 X 0 0 0 0 0 0 0 0 0 0 0 0 0 0 X 0 X X 0 0 0 0 0 0 0 0 0 0 0 0 0 0 0 0 0 0 0 X 0 X 0 0 0 0 X 0 0 0 0 0 0 0 0 0 0 X 0 0 X 0 0 0 0 0 0 X X X X 0 0 X X 0 0 0 0 0 0 0 0 X 0 0 0 0 0 0 0 0 X X 0 0 X 0 0 0 0 0 0 0 0 0 0 X X 0 X X 0 X X 0 X 0 X 0 0 X 0 0 0 0 0 0 X X 0 X X 0 0 0 0 X X X 0 X 0 0 0 0 0 0 0 0 0 0 0 0 X X X X 0 X 0 0 0 0 0 0 X
X 0 0 0 0 X 0 0 0 0 0 0 0 0 X 0 0 0 0 0 0 0 0 0 0 0 0 0 X X 0 0 0 0 0 0 X 0 X 0 0 X X 0 0 0 0 0 0 0 0 0 0 0 X X 0 0 0 0 0 0 0 0 0 0 0 0 0 0 0 0 0 0 X 0 X 0 0 0 X X 0 0 0 0 X 0 0 X 0 X X X X 0 0 0 0 0 0 0 X 0 0 0 0 0 X 0 0 0 0 X 0 0 0 0 0 0 0 0 X 0 X X 0 0 0 0 X 0 X 0 0 X 0 0 X X X 0 0 X 0 0 0 0 X 0 X X 0 0 0 0 X 0 0 0 0 0 X X 0 0 0 X X 0 0 0 X X 0 0 0 X 0 0 X 0 0 X 0 0 0 0 0 0 0 0 0 X 0 0 0 0 0 X
X 0 0 0 0 0 0 0 0 0 0 0 X 0 0 X 0 X 0 0 0 0 0 0 0 0 0 0 0 0 0 0 0 X 0 X 0 0 0 0 0 0 X 0 0 0 0 X 0 0 X 0 0 0 0 X X 0 0 0 0 0 0 0 0 0 0 0 0 0 0 0 0 0 0 0 0 0 X 0 0 X 0 X 0 0 0 0 0 X 0 0 0 X 0 X X 0 0 X X 0 X X 0 X 0 0 0 0 0 0 0 0 0 0 0 0 0 X 0 0 X 0 0 0 0 0 0 0 X 0 0 0 0 0 0 0 X 0 0 0 0 0 0 0 0 0 X X 0 0 X 0 0 0 X 0 0 0 0 X 0 0 0 0 0 X 0 0 0 0 X 0 0 0 0 0 0 0 0 0 X 0 0 0 0 0 0 0 0 0 0 0 X 0 0 0 0 X
X 0 X 0 0 0 0 X 0 0 0 0 0 X 0 0 0 0 0 0 0 0 0 0 X 0 0 0 0 0 0 X 0 0 0 0 X 0 0 0 0 0 0 0 X X 0 0 0 0 0 0 0 0 0 0 0 0 0 X 0 0 0 0 0 0 X 0 0 X X X 0 0 0 0 X 0 X 0 X 0 0 X 0 X 0 X 0 X X X 0 0 X 0 0 0 0 0 0 0 0 0 0 0 0 0 0 X 0 0 0 0 0 X 0 0 0 X 0 0 0 0 0 0 0 0 0 0 X 0 0 0 0 0 0 0 0 X 0 0 0 X 0 0 0 0 0 0 0 0 0 0 X 0 0 0 0 0 0 0 X 0 0 0 0 0 X 0 0 0 0 X 0 0 X 0 0 0 0 X 0 0 0 0 0 0 0 0 X 0 0 0 0 0 0 0 0 X
X X 0 0 0 X 0 0 X 0 0 0 0 0 0 0 X 0 0 0 X 0 0 0 0 0 0 0 0 0 0 0 X 0 0 0 X 0 0 0 0 0 0 0 0 0 0 0 0 X 0 0 0 0 0 0 X 0 0 X 0 0 X 0 0 X X 0 0 0 0 0 0 0 0 0 0 X X 0 0 X 0 X 0 0 0 0 0 0 0 0 0 0 0 0 X 0 0 0 X X X 0 0 0 X 0 X 0 0 0 0 0 0 0 0 X 0 0 X X 0 0 0 0 0 0 X 0 X 0 0 X 0 0 X 0 0 X X 0 0 0 0 0 0 0 0 0 0 0 0 0 0 0 0 0 0 0 0 0 0 0 0 0 X 0 0 X 0 0 X 0 0 0 0 0 0 0 0 X 0 X 0 0 0 0 0 0 0 0 0 0 0 0 0 0 0 X
X 0 0 0 0 0 0 0 0 0 X 0 0 0 0 X 0 0 0 X 0 0 0 0 0 0 0 0 0 0 0 X X 0 0 X 0 0 0 0 0 X 0 0 X 0 0 0 0 X 0 0 X 0 0 0 0 0 0 X X X 0 0 0 0 X 0 X X 0 X 0 0 0 0 0 0 0 0 0 0 X 0 0 0 0 0 0 0 0 0 0 0 0 0 0 X 0 X 0 0 0 X X 0 0 0 0 X X 0 0 0 0 0 0 0 0 0 0 0 X 0 0 X 0 0 0 0 0 0 0 0 0 0 0 0 0 0 0 X 0 0 X 0 0 X 0 0 0 X 0 0 0 0 0 X 0 0 0 X 0 X 0 X 0 0 0 0 0 0 0 0 0 0 0 X 0 0 0 0 0 0 0 X 0 0 0 0 0 0 0 0 0 X 0 0 0 X
X 0 0 0 0 0 0 0 0 0 0 0 0 0 0 X X X 0 0 0 X 0 0 0 X 0 X 0 0 X X 0 0 0 0 0 0 0 0 X 0 0 X 0 0 0 0 X X 0 0 0 X 0 X 0 0 0 X 0 0 X 0 0 X X 0 X 0 0 0 X 0 0 0 0 0 X 0 0 0 0 0 0 X 0 0 X 0 X X X X X 0 0 0 0 0 X 0 X 0 0 0 0 0 0 0 0 0 X 0 0 X X 0 0 X 0 0 0 0 0 0 0 0 0 X 0 0 0 0 0 0 0 0 0 X X 0 X 0 X X 0 X 0 0 0 X 0 X 0 0 0 0 0 0 X 0 0 0 0 0 0 0 X 0 0 0 X X 0 0 0 0 0 0 0 0 X 0 0 0 X 0 X 0 0 0 X 0 0 X 0 0 X X
X 0 0 0 0 0 0 X 0 0 0 0 X 0 0 X 0 0 0 X 0 0 0 0 0 0 X X X 0 X X 0 0 0 0 0 X 0 X 0 X 0 0 0 0 0 X 0 0 0 0 0 0 0 0 0 0 0 0 0 X 0 0 X 0 X 0 0 X 0 0 0 0 0 0 X 0 0 0 0 0 0 X 0 X 0 0 X X 0 0 0 0 0 0 0 0 0 X 0 X 0 0 X X 0 0 0 0 0 0 0 0 0 X 0 0 0 0 X 0 0 X 0 0 0 0 0 0 0 0 X 0 0 0 0 0 0 0 0 0 0 X 0 0 0 0 0 0 0 0 0 0 0 0 0 X 0 0 0 X 0 X 0 0 0 0 0 0 0 0 0 0 X 0 0 0 X 0 0 0 X 0 0 0 0 X 0 0 X X 0 0 0 X 0 X X X
X 0 0 0 0 X X 0 0 0 X 0 0 X 0 0 0 X X 0 0 0 0 0 X 0 0 X 0 0 0 0 0 0 0 0 0 0 X 0 X 0 X 0 0 0 0 0 0 0 0 0 0 0 0 0 X X 0 X X 0 0 0 0 0 0 X 0 0 0 0 0 0 X 0 0 0 X 0 X 0 0 X 0 X 0 0 0 0 0 X 0 0 0 0 0 0 X 0 0 0 X X 0 X 0 0 0 0 0 0 0 0 0 0 0 0 0 0 0 0 0 0 0 X X 0 0 0 0 0 0 0 X 0 0 0 0 0 X 0 0 0 0 0 X 0 0 0 0 0 X X X 0 X 0 0 X 0 X 0 0 0 0 0 0 0 X 0 0 0 0 0 X X 0 0 0 X 0 X X X 0 0 0 0 0 0 0 0 0 0 0 0 0 0 X
X 0 0 X 0 0 0 0 0 0 0 X 0 0 0 0 X 0 X 0 0 0 0 0 0 X 0 0 0 0 0 0 0 X 0 0 X 0 0 0 0 X 0 X 0 0 0 X 0 0 0 0 X 0 0 0 0 0 0 0 X X 0 X 0 0 0 0 0 0 0 0 0 0 X 0 0 0 0 0 0 0 0 0 0 X 0 0 0 0 0 0 0 X 0 0 0 0 0 0 X 0 0 0 0 X 0 X X 0 0 0 X 0 0 0 0 X 0 0 0 X 0 0 0 0 X 0 0 X 0 0 0 X 0 0 0 0 X X 0 0 0 X 0 0 0 0 X 0 0 0 0 0 0 0 0 0 X 0 0 0 0 0 0 0 X X 0 X 0 0 0 X 0 0 0 0 X 0 X 0 0 X 0 0 0 0 0 0 X X X 0 0 0 0 0 X X
X 0 0 0 0 0 X 0 0 0 0 X 0 0 0 0 0 0 0 0 0 0 0 0 0 X 0 0 0 0 X 0 0 X X 0 0 0 X 0 0 0 0 0 0 0 0 0 0 0 X 0 X X 0 0 X 0 X 0 0 0 0 0 0 0 0 X 0 0 0 0 0 X 0 0 0 0 0 0 X 0 0 0 0 0 0 0 0 0 0 0 X X 0 0 0 0 X X X 0 0 0 0 0 0 0 0 0 0 X 0 0 0 0 0 0 X 0 X 0 0 0 X X 0 X X X 0 0 0 0 0 0 0 0 X 0 0 0 X X 0 0 0 0 0 0 0 X 0 X X 0 X 0 X 0 0 0 0 X X 0 X 0 X 0 0 0 0 X 0 0 0 0 0 0 0 X X 0 0 X X 0 X 0 X 0 X 0 0 0 0 0 0 X
X 0 0 0 0 X 0 0 0 0 X X 0 X X 0 X 0 0 0 0 0 X 0 0 X X 0 0 0 0 0 0 X 0 0 0 0 0 0 0 0 X 0 0 0 0 0 0 0 X X 0 0 0 X X 0 0 0 0 0 0 X X 0 0 0 X 0 0 0 0 0 0 0 0 0 0 X X X 0 0 0 0 0 0 0 0 0 0 0 0 0 0 X 0 0 0 0 0 0 0 X 0 0 0 X 0 X 0 0 0 0 0 X 0 0 0 X 0 0 0 0 X X 0 0 0 0 0 0 0 0 0 0 0 0 X X 0 0 X X 0 0 0 0 0 0 0 0 0 0 X 0 X 0 0 0 0 0 0 0 X 0 0 X 0 X 0 0 X 0 0 0 0 0 0 0 X 0 0 0 0 0 0 0 X 0 0 0 0 0 X 0 0 0 X
X 0 0 0 0 0 0 0 0 0 0 0 0 0 0 X X 0 0 X 0 0 X 0 0 0 X X X 0 0 X 0 0 0 0 0 0 X 0 0 0 0 0 0 X 0 0 0 0 0 X 0 0 X X 0 0 X 0 0 0 0 0 0 0 0 0 X 0 X 0 0 0 0 0 0 0 0 0 X X 0 0 0 X 0 0 X 0 X 0 0 0 X 0 0 X 0 0 0 0 0 0 0 0 X 0 X X 0 0 0 X 0 X 0 X 0 0 0 X X 0 0 X 0 0 0 0 0 0 0 X 0 0 0 X 0 0 0 0 X 0 0 0 0 0 X 0 0 0 0 0 0 0 0 X 0 0 0 0 0 0 0 0 X X 0 0 0 0 X 0 0 0 0 0 0 X X 0 0 0 0 X 0 0 0 X 0 0 0 0 0 0 0 0 0 X
X X 0 0 0 0 0 0 0 0 X X 0 0 0 0 X 0 0 0 0 0 0 0 0 0 0 0 0 0 0 0 0 0 0 0 0 X 0 0 0 0 0 X X 0 0 0 0 X 0 X 0 X 0 0 0 X 0 0 X X 0 0 0 0 0 0 0 0 0 X 0 0 0 0 0 0 0 0 X 0 X 0 0 0 0 0 X X X 0 0 X 0 0 0 0 X 0 0 0 0 0 0 0 0 0 0 X 0 X 0 0 X X 0 0 0 0 0 0 0 0 0 0 X 0 0 0 X 0 0 0 0 0 0 0 0 0 0 0 0 0 X 0 0 0 0 X 0 X 0 0 0 0 0 0 X 0 X X 0 0 0 X 0 0 0 X 0 0 0 0 0 0 0 0 0 0 X 0 X 0 0 0 0 X 0 X X 0 0 0 X X 0 0 0 X
X 0 0 0 X 0 0 0 0 0 0 0 0 0 0 0 0 0 0 0 0 0 0 0 0 0 0 X X 0 0 0 X X 0 0 0 0 0 0 0 0 X 0 0 0 X 0 0 X 0 0 0 0 0 0 0 0 0 0 0 X 0 0 X 0 X 0 0 X 0 X 0 X 0 X 0 X 0 X 0 X 0 0 0 0 0 0 X 0 0 0 0 0 0 0 X 0 0 0 0 0 0 0 X 0 0 X 0 0 X 0 0 0 0 X 0 0 0 X 0 0 0 0 0 0 0 0 0 0 0 0 0 0 0 0 0 0 0 0 0 0 X 0 0 0 0 0 0 X 0 X X 0 0 0 0 0 0 X 0 0 0 0 0 0 0 X X X X 0 0 0 0 0 0 0 0 0 X X 0 0 0 0 0 0 X 0 0 0 0 X 0 0 0 X 0 X
X 0 0 0 0 0 0 0 0 0 0 X 0 0 X 0 0 0 X X 0 X X X 0 0 0 0 0 0 0 0 X 0 0 X 0 0 X X 0 0 0 X 0 X 0 0 0 X X X 0 0 0 0 0 0 0 0 X 0 0 0 0 0 0 0 X X 0 0 0 0 X 0 X 0 0 0 X 0 0 0 0 0 0 0 0 X 0 X 0 0 0 X 0 0 0 0 0 0 0 0 0 X 0 0 0 0 0 0 0 0 0 0 0 0 X 0 0 0 0 0 X X 0 X 0 X 0 0 0 0 X 0 0 X 0 0 0 0 0 X 0 X 0 0 0 X 0 0 0 X 0 0 X 0 0 0 0 0 0 0 0 0 0 0 0 0 0 0 0 0 X 0 0 X 0 0 0 X 0 X 0 0 0 0 X 0 X 0 0 0 0 0 0 0 0 X
X 0 X X 0 0 0 0 X X 0 X 0 X 0 X 0 0 0 0 0 0 0 0 0 0 0 0 0 0 0 X 0 0 0 X 0 0 0 0 0 0 0 0 0 0 0 0 0 0 0 0 0 0 X X X X X X 0 0 X 0 X 0 0 0 0 0 0 0 0 0 X 0 0 X 0 0 0 0 X 0 X 0 X 0 0 0 X X X 0 0 X X 0 X X X 0 0 X 0 0 0 0 0 X 0 0 0 X 0 0 0 0 X 0 0 0 0 0 0 0 0 0 0 0 0 X 0 X X 0 X 0 X 0 X X 0 0 0 0 0 X 0 X 0 0 0 0 0 0 X 0 0 0 0 0 0 X 0 0 X 0 0 X 0 0 0 0 0 0 0 X 0 0 0 0 X 0 X X 0 0 0 0 0 0 0 X 0 0 X 0 0 X
X 0 0 X 0 X 0 0 0 0 0 0 0 X 0 X 0 X 0 0 0 0 X 0 0 0 0 0 0 0 0 0 X 0 X 0 X X 0 X X 0 0 X 0 0 0 X 0 0 X 0 0 0 0 X 0 0 0 0 0 X 0 0 0 X 0 0 0 0 0 0 X 0 0 0 X 0 0 0 0 0 0 0 X 0 0 0 0 0 X X 0 0 0 X 0 0 0 0 0 0 X 0 0 X 0 X 0 0 0 0 0 0 X 0 X 0 0 X 0 0 X 0 X X 0 0 0 0 0 X 0 0 0 0 0 0 X 0 0 0 0 0 0 0 0 X X X 0 0 X 0 X 0 0 0 0 0 0 0 0 0 0 X 0 X 0 0 X 0 X 0 X X 0 0 X 0 0 0 0 0 0 X 0 0 0 0 0 X X X 0 X 0 0 0 X
X 0 0 0 0 0 0 X 0 0 X 0 X 0 0 0 0 0 0 0 0 X 0 0 0 X 0 X 0 0 0 0 X 0 0 X 0 0 0 X 0 0 X X X 0 0 X 0 X 0 0 X 0 0 0 0 0 0 0 0 0 X 0 0 0 0 0 0 X 0 0 0 X 0 0 0 X 0 0 X 0 0 X 0 0 0 0 0 0 0 0 X 0 X 0 0 0 0 0 0 0 0 0 0 X X 0 0 0 0 0 X 0 X 0 X 0 0 0 0 0 0 0 X 0 0 0 0 0 0 0 0 0 0 0 0 X 0 0 0 0 0 X 0 0 0 0 X X 0 X 0 0 0 0 0 0 0 0 0 0 0 0 0 0 0 0 0 0 0 0 X 0 0 X 0 0 0 0 0 0 X X 0 0 X 0 0 0 X 0 0 X 0 X 0 0 0 X
X 0 0 0 0 X 0 0 0 X 0 0 0 0 X X X X 0 0 0 0 0 0 X 0 X 0 0 X 0 0 X 0 0 0 0 0 0 0 0 0 0 X 0 0 0 0 X 0 0 X 0 0 0 0 0 0 0 0 0 0 0 X 0 X X X 0 X 0 0 0 0 0 X X 0 X 0 0 0 0 0 0 0 0 0 0 X 0 X X 0 0 0 0 0 0 0 0 0 0 0 0 0 0 0 0 0 0 X 0 0 0 X 0 X 0 0 X 0 0 0 0 0 0 0 0 0 X 0 X 0 0 0 0 X 0 0 0 0 0 0 X 0 X 0 0 X 0 0 0 0 0 X 0 0 0 0 X X 0 X 0 X X X X 0 0 0 0 0 0 0 X 0 0 X 0 0 0 0 0 0 0 0 0 0 0 0 0 0 0 0 0 0 X X
X 0 0 0 X 0 X X 0 0 0 0 0 0 X 0 0 0 0 0 0 X 0 0 0 0 0 0 0 0 0 X 0 X 0 0 0 X 0 0 0 0 X 0 0 0 0 0 0 0 0 0 0 X 0 0 0 0 0 0 0 0 0 0 0 0 X 0 X 0 X 0 0 0 X 0 0 0 0 X 0 0 0 0 0 X 0 X 0 0 0 0 0 0 0 0 0 0 0 0 0 X 0 0 X 0 X 0 X 0 0 0 0 0 0 0 0 0 0 0 0 0 0 0 X 0 0 0 0 0 0 X 0 0 0 0 0 0 0 0 0 0 X 0 0 0 0 0 0 0 0 0 0 0 X 0 0 0 0 0 X 0 0 0 0 0 0 X 0 0 X 0 X 0 0 0 0 0 0 X X 0 0 0 0 0 0 0 0 0 0 0 0 X X 0 0 0 X X
X X 0 0 0 0 0 X 0 0 0 X 0 0 0 0 X X 0 0 0 X 0 0 0 0 0 0 0 0 0 0 0 0 X 0 0 X 0 0 0 0 0 0 0 0 0 X X 0 0 0 X 0 X 0 0 0 0 0 X 0 0 0 0 0 0 0 X 0 0 0 0 0 0 0 0 0 0 0 0 0 0 0 0 0 X 0 0 X 0 0 0 0 X 0 0 0 0 0 0 X 0 0 X 0 0 X 0 0 X X 0 0 0 X X 0 X 0 X 0 0 X 0 0 0 0 0 0 0 0 X 0 0 0 0 0 0 0 X 0 0 X 0 0 0 0 X 0 X 0 0 0 0 X 0 X 0 0 0 0 0 0 0 0 X 0 0 0 0 0 0 X 0 0 0 0 0 X 0 0 X 0 X X 0 0 0 0 0 0 0 0 0 0 0 X 0 X
X X 0 0 0 0 0 X 0 0 0 X 0 0 0 0 0 0 0 0 X X 0 X 0 X 0 0 0 0 X 0 0 0 X X 0 0 0 0 0 0 0 0 0 X 0 0 0 X 0 0 X 0 0 0 X 0 0 0 0 0 0 0 0 0 0 0 0 0 X 0 0 0 0 0 0 X X X 0 X 0 0 0 X 0 0 X 0 0 0 X 0 X 0 0 X 0 0 0 X X X 0 0 X 0 0 0 0 X X 0 0 0 X 0 0 0 0 X X X X 0 0 0 0 0 0 X 0 0 0 0 0 0 X 0 0 X X 0 0 0 0 0 X 0 0 0 0 0 0 0 0 0 0 0 X X 0 0 X 0 X 0 0 0 0 0 0 0 X X 0 0 0 0 0 0 0 0 X 0 0 0 0 0 0 X 0 X 0 0 0 0 0 X
X 0 0 0 0 0 0 0 0 0 X 0 0 X 0 X 0 0 0 0 0 0 0 0 X 0 X 0 0 0 0 X 0 0 0 0 0 0 X 0 0 0 0 0 X 0 X 0 0 0 0 X 0 0 0 0 0 0 0 0 0 0 0 0 X 0 0 X 0 0 0 X 0 0 0 0 X 0 0 0 0 X 0 0 X X X 0 X 0 0 0 0 0 0 0 X 0 0 X 0 0 0 0 0 0 0 0 0 0 X X X 0 0 0 0 X 0 X X 0 0 0 0 0 0 0 0 0 0 0 X 0 0 X 0 X 0 X 0 X 0 0 X 0 0 X X 0 0 0 X 0 0 0 0 0 X 0 0 0 0 X 0 0 0 0 0 0 0 X 0 0 0 X 0 X 0 X X 0 0 0 0 0 X 0 0 0 0 0 0 0 0 0 0 0 0 X
X 0 0 0 0 0 0 0 0 0 0 X 0 0 X 0 0 0 0 0 0 X 0 0 X X 0 0 0 X 0 0 X 0 X 0 X 0 0 0 X 0 0 X 0 0 0 0 X 0 X 0 0 0 0 X 0 0 X X 0 X 0 0 0 0 0 X 0 0 0 0 X 0 0 X 0 X 0 0 0 0 0 0 0 0 0 0 0 0 X 0 0 0 0 0 0 0 0 0 0 0 0 0 0 X X X X 0 X X X X 0 0 0 X 0 X 0 0 0 0 0 0 0 0 0 0 0 0 0 0 0 0 0 0 X 0 0 0 0 X 0 0 0 0 0 0 0 0 0 X 0 0 0 0 0 0 0 0 X 0 0 0 0 X 0 0 0 0 X 0 X 0 0 X 0 0 0 0 0 X 0 0 0 0 0 X 0 0 0 0 0 0 0 0 0 X
X 0 X 0 0 0 0 0 0 0 0 0 0 X 0 0 0 0 0 X X X 0 0 0 0 0 0 0 X X X 0 0 0 0 0 0 0 X X 0 0 0 0 0 0 0 X 0 0 0 X 0 X 0 0 0 X 0 0 0 X X 0 0 X X 0 0 0 0 0 0 0 0 0 0 X X 0 X 0 0 0 0 0 0 0 X 0 0 X 0 0 0 0 0 0 0 0 0 X 0 0 0 0 0 X X 0 0 0 0 0 X 0 0 X 0 0 X 0 0 X 0 0 X 0 0 0 X 0 X 0 0 0 0 0 0 0 X 0 0 0 0 X X 0 0 0 0 0 0 0 0 0 0 0 0 0 0 0 X 0 0 X 0 0 0 0 0 0 0 0 X 0 0 0 0 0 0 0 0 0 0 0 0 0 0 0 0 0 0 0 0 0 0 X X
X X 0 0 0 0 0 0 0 0 X X 0 X 0 0 0 0 0 0 X X 0 X 0 0 0 X 0 0 0 0 0 0 0 0 X X X 0 0 0 X X X 0 X 0 X 0 0 0 X 0 0 0 0 X 0 0 0 0 0 0 X 0 0 0 0 X X X X 0 0 0 0 0 0 0 0 X 0 0 0 0 0 0 0 0 0 0 X 0 0 0 X 0 0 0 0 0 0 0 0 0 0 0 X 0 0 0 0 0 0 0 0 0 0 0 X 0 0 0 0 0 0 0 0 0 0 0 X 0 X X 0 X 0 X 0 0 0 X 0 0 0 0 0 0 0 0 0 0 X 0 0 0 X 0 X 0 0 0 0 0 0 0 0 X 0 0 X 0 0 0 0 0 0 0 X 0 0 0 0 X 0 X 0 0 0 0 0 0 0 0 0 X 0 X
X 0 X 0 0 0 0 0 0 X 0 0 0 X 0 X 0 X 0 0 0 0 X 0 0 X 0 X 0 0 0 0 0 0 0 0 0 X 0 0 0 0 0 0 0 0 0 0 0 X X 0 0 0 0 0 0 0 0 0 X 0 X 0 0 X 0 0 X 0 0 0 0 X 0 0 0 0 0 0 0 0 0 0 0 0 0 X 0 0 0 0 0 0 0 0 X 0 0 0 X 0 0 0 0 0 0 0 0 0 0 0 X 0 X X 0 0 0 0 0 0 0 0 0 0 0 X 0 X 0 0 X 0 0 0 0 0 0 0 0 0 0 0 0 0 0 0 0 0 0 0 0 0 0 0 0 0 0 0 0 0 0 0 X 0 0 0 0 0 X 0 0 0 0 X 0 0 0 X 0 0 0 0 0 0 0 0 0 0 0 0 0 X 0 0 0 0 0 X
X 0 X 0 0 0 0 0 0 X 0 0 0 0 X 0 0 0 X 0 0 X 0 0 0 0 0 0 0 0 0 0 0 0 0 0 0 0 X 0 0 0 0 X X 0 0 0 0 X X 0 0 0 0 0 X 0 X 0 0 X 0 X 0 0 0 0 0 0 0 0 0 X X X 0 0 0 0 0 0 X 0 0 0 0 0 0 0 0 0 0 0 X 0 0 0 0 0 0 0 0 0 0 0 0 0 0 0 0 X X 0 0 0 0 0 0 0 0 0 0 X 0 0 0 0 0 0 0 0 0 0 0 X X 0 0 0 0 0 0 0 0 0 0 0 0 0 0 0 X 0 0 0 X X 0 0 0 0 0 0 0 X 0 0 0 0 X 0 0 X 0 0 0 0 X 0 0 0 0 0 0 0 0 X 0 0 0 0 X 0 0 0 0 0 X X
X 0 X 0 0 X 0 0 0 0 0 0 X X 0 0 0 0 X 0 0 0 0 0 0 0 0 0 0 0 0 0 0 X 0 0 0 0 0 0 0 0 0 0 X 0 0 0 0 0 0 X 0 X 0 X 0 0 0 0 0 0 0 0 X 0 0 0 X 0 X 0 X 0 0 0 0 X 0 X 0 X 0 0 0 0 0 0 X 0 0 0 0 0 0 0 0 X 0 0 0 0 0 0 X X 0 X 0 0 0 0 0 0 0 0 0 0 0 0 0 0 X 0 0 0 0 0 X 0 0 0 0 0 0 0 X 0 0 X 0 0 0 0 0 0 0 0 X 0 0 X X 0 0 0 0 0 0 X 0 0 0 0 X X X 0 0 0 0 0 0 0 0 X X 0 0 0 0 X 0 0 0 0 0 0 0 X 0 0 0 0 0 0 0 0 X X
X 0 0 X 0 0 X 0 0 0 0 X X X 0 0 0 X 0 0 0 0 X 0 0 0 X 0 0 0 0 0 X X X 0 0 X 0 0 0 0 0 0 0 0 0 0 0 X 0 0 0 X 0 X 0 0 0 X 0 0 0 0 X 0 0 0 0 X 0 X 0 0 X 0 0 0 0 0 0 0 0 0 0 0 0 X 0 0 0 0 X 0 0 0 0 0 0 0 0 0 0 0 0 0 0 X X 0 0 0 0 0 X 0 0 X 0 0 0 0 0 X 0 0 0 0 0 0 0 0 0 0 0 0 0 0 0 X X 0 X 0 0 X X 0 X 0 X 0 X 0 0 0 0 0 X 0 0 X X 0 X 0 X X 0 0 X X 0 0 0 0 0 0 0 X 0 X 0 0 0 0 0 0 X X 0 0 0 0 0 0 0 0 0 X
X 0 X 0 0 0 0 0 0 X X 0 0 0 0 0 0 0 X 0 0 0 0 0 X 0 0 0 0 0 0 0 0 0 0 0 0 X 0 0 X 0 0 0 0 0 0 0 0 0 X 0 0 X 0 0 0 X 0 0 X X 0 0 0 X 0 0 X 0 X 0 0 0 0 0 0 0 0 0 0 0 0 0 0 0 X X 0 0 0 0 0 0 X X 0 0 0 0 0 0 0 0 0 0 X 0 0 X 0 0 0 0 0 0 0 0 0 X 0 0 0 0 0 0 X X X 0 0 0 0 0 0 0 0 0 0 0 0 0 0 0 0 X 0 0 0 X 0 0 0 0 0 0 0 0 0 X 0 0 0 0 0 0 0 0 0 0 0 X X X 0 0 0 0 0 X 0 X 0 X 0 X 0 0 X X 0 0 X 0 0 X 0 0 0 X
X X X 0 0 0 0 0 0 0 0 X 0 0 0 0 X 0 0 0 0 0 X X 0 0 0 X X 0 0 0 0 X 0 0 0 0 0 0 0 0 0 0 0 0 0 X 0 0 0 X 0 X 0 0 0 0 X 0 0 0 0 0 0 0 0 0 0 0 0 0 0 X 0 0 0 0 0 0 0 0 0 X 0 0 X 0 X 0 0 X 0 0 0 0 0 0 0 X 0 X 0 0 0 0 0 0 0 0 0 0 X 0 0 0 0 0 0 0 0 0 0 0 0 0 0 0 0 X 0 X 0 X 0 0 0 0 0 0 X X 0 0 0 0 0 0 0 X 0 0 0 0 0 0 0 X 0 X 0 0 0 0 0 X 0 0 0 0 0 0 0 0 0 0 X 0 0 0 0 0 X 0 0 0 0 X 0 X 0 0 0 X X 0 X X 0 X
X 0 0 0 X 0 X 0 0 X 0 0 0 0 0 0 X 0 0 0 0 0 0 0 0 0 0 X 0 0 0 0 0 X 0 0 0 0 0 0 0 X X 0 0 0 0 0 0 0 0 X 0 0 0 0 0 X 0 X 0 X 0 0 0 0 0 0 0 X 0 0 0 0 0 0 0 0 0 0 0 0 0 0 X 0 X 0 0 0 0 0 0 0 0 0 X 0 0 0 0 0 0 0 0 0 0 0 X 0 0 0 X 0 0 0 0 0 X 0 X 0 0 0 0 0 X 0 0 X 0 X 0 0 0 0 0 0 0 0 0 0 0 0 0 0 0 0 0 0 0 0 0 X 0 0 X 0 0 0 0 X X 0 X 0 0 X 0 0 0 0 0 0 0 0 0 X 0 0 X 0 0 X 0 0 X 0 0 0 0 X 0 0 0 0 X 0 0 X
X X 0 0 0 0 0 0 0 0 0 0 0 X 0 0 0 0 0 0 0 0 0 0 0 0 0 0 0 X 0 0 0 0 0 X 0 0 X 0 0 0 0 0 0 0 0 0 0 0 X 0 X 0 0 X 0 0 0 0 0 0 0 0 0 0 X 0 0 0 0 0 X 0 0 0 0 0 0 0 0 0 0 0 0 0 0 0 0 0 0 X X 0 0 0 0 0 X 0 0 0 0 0 X 0 0 0 0 0 0 0 0 X 0 0 0 0 0 0 0 0 0 X 0 0 0 0 0 0 0 0 X 0 0 0 0 0 X X 0 X 0 X 0 0 0 0 X 0 0 0 0 0 0 X 0 0 0 0 0 0 0 0 X 0 0 0 0 0 0 0 0 0 0 0 X 0 X 0 0 0 0 0 0 0 X X X 0 0 X X 0 0 0 0 0 0 X
X 0 0 0 0 0 X 0 0 X X 0 0 X 0 0 0 0 0 0 0 X 0 0 0 0 0 X 0 X 0 0 0 0 0 0 0 X 0 0 0 X 0 0 0 0 0 X 0 X 0 0 X X 0 X 0 0 0 0 0 0 0 0 X 0 0 0 0 0 0 0 0 0 0 0 0 0 0 0 0 0 0 0 0 X 0 0 0 0 0 X 0 0 0 0 0 0 0 0 0 X 0 0 0 0 X 0 0 0 0 0 0 0 0 X 0 X 0 0 0 0 0 X 0 0 X 0 X 0 0 0 0 X 0 0 X X X X X X X 0 X 0 X X X X 0 X X 0 0 0 0 0 0 X 0 0 0 X X 0 0 0 0 0 X X 0 0 0 0 0 0 0 0 0 0 X 0 0 X X 0 0 0 0 0 X X 0 0 0 0 X X
X 0 0 X 0 0 0 X 0 X 0 X 0 0 0 0 0 0 X 0 0 X 0 0 0 0 0 0 0 0 0 0 0 0 0 0 0 0 0 0 0 0 0 0 0 0 X 0 0 X 0 0 0 0 X 0 0 0 0 X 0 X 0 0 0 0 X 0 X 0 0 0 0 0 0 0 0 X 0 X 0 0 0 0 0 X 0 X 0 0 0 0 0 0 0 0 0 X 0 0 0 0 0 0 0 0 0 X 0 0 X 0 0 0 0 X 0 0 X 0 X X 0 0 0 X 0 0 0 0 0 0 X 0 0 0 0 X X X 0 0 X X X 0 0 0 0 0 0 X 0 0 0 0 0 0 X 0 0 0 0 0 0 X 0 0 X 0 0 X 0 0 X 0 0 0 0 X X 0 0 0 0 0 0 0 0 0 X 0 0 0 0 0 0 0 0 X
X 0 X 0 0 0 0 X 0 X 0 0 0 0 X 0 0 0 0 0 0 X 0 X 0 0 X X 0 0 0 0 0 0 0 0 0 0 0 0 0 0 0 0 0 0 0 0 X 0 0 X 0 0 0 0 0 0 0 0 X X 0 X 0 0 0 0 0 0 X 0 0 0 0 X 0 X 0 0 0 0 0 0 0 0 0 X 0 0 0 0 0 0 0 X X 0 X 0 0 0 0 0 0 0 0 0 0 0 0 X 0 0 0 0 0 0 0 0 0 0 0 0 0 0 X X X X 0 0 0 X X 0 X 0 0 X 0 0 0 X 0 0 X 0 0 0 0 X 0 0 X 0 0 X 0 0 0 0 X 0 X 0 X 0 0 0 0 0 0 0 0 X 0 0 0 0 0 X 0 0 X X 0 0 X X 0 0 0 0 0 0 0 X 0 X
X X 0 0 0 0 0 0 0 0 0 0 0 0 0 0 0 0 0 0 0 0 0 0 X 0 0 0 0 0 X 0 X 0 0 0 0 X 0 0 0 0 X 0 X 0 0 X 0 X 0 0 X X 0 X 0 0 0 X 0 0 0 X X 0 X 0 0 0 0 0 0 0 X 0 0 X 0 0 0 X 0 0 X 0 0 0 X 0 0 0 0 0 X X 0 X X X X 0 0 0 0 X 0 X 0 0 0 0 0 0 0 0 0 0 0 0 0 X X 0 0 0 X 0 0 0 0 0 0 X 0 0 0 X 0 0 0 0 X 0 X 0 0 0 0 0 0 0 0 X 0 0 0 0 X 0 0 X X 0 0 X 0 X 0 0 0 0 0 0 X 0 0 0 0 0 0 0 X 0 0 X 0 0 0 0 0 0 0 X 0 X 0 X X X
X 0 X 0 X 0 X 0 0 X 0 0 0 0 0 0 0 0 0 0 0 0 0 0 0 0 X 0 0 0 0 0 0 0 0 0 X 0 0 0 0 0 X 0 0 X 0 0 0 0 0 0 0 0 0 0 0 0 0 0 X 0 X X X X 0 0 0 0 0 0 0 0 0 0 X 0 0 0 0 0 0 0 0 0 0 X X 0 0 0 0 0 0 0 X 0 X 0 0 0 0 0 0 0 X X X 0 0 0 0 0 X 0 X 0 0 0 0 X 0 X X 0 0 X 0 0 X X 0 X 0 0 X 0 0 0 0 0 0 0 0 X X 0 X X 0 0 0 0 0 X X 0 0 X X 0 0 0 0 0 0 0 0 0 0 X 0 0 0 0 0 0 X X 0 0 X X 0 X X 0 0 0 X 0 0 0 0 0 0 X 0 X
X 0 0 0 0 X 0 X 0 0 X 0 0 0 X 0 X 0 0 0 0 0 0 0 X 0 0 0 0 0 0 X 0 0 0 X 0 0 0 X 0 X 0 0 0 0 0 X X 0 0 0 0 0 0 0 0 0 0 0 0 0 0 0 0 X X 0 0 0 0 0 0 X 0 X 0 X 0 0 0 0 X 0 0 0 X 0 0 0 0 0 X 0 0 0 0 0 0 0 0 0 0 X X 0 0 0 0 0 0 0 0 0 0 0 0 0 0 0 0 0 0 0 0 0 0 X 0 X X 0 0 0 0 0 0 0 0 X 0 0 0 0 X 0 0 0 0 X 0 0 0 0 0 0 0 0 0 0 0 0 0 0 0 0 0 0 X 0 0 0 0 0 0 0 X X 0 0 0 0 X 0 0 0 0 0 0 0 X 0 0 0 X 0 0 0 0 X
X 0 X 0 X 0 0 0 X X 0 X 0 X 0 0 0 0 X 0 0 0 0 0 0 0 0 X 0 0 0 0 0 0 0 0 0 0 0 X 0 0 0 0 0 X 0 0 X 0 0 X X 0 0 0 0 0 0 0 0 X 0 X 0 X 0 0 X 0 0 X 0 0 X 0 0 0 X 0 0 0 0 0 X 0 0 0 X 0 0 0 0 0 0 0 0 0 0 0 0 0 X 0 X 0 0 X 0 X 0 0 X X 0 0 0 0 0 0 0 0 0 0 X 0 0 0 X 0 X 0 0 0 X X 0 0 0 0 0 0 0 X 0 0 0 0 0 0 0 0 0 0 0 0 0 0 0 0 0 X 0 0 0 0 0 0 0 0 0 0 X X 0 0 0 0 X X 0 0 X 0 0 0 0 0 0 0 0 0 0 X X X 0 0 0 X
X 0 0 0 0 0 0 0 0 0 0 0 X 0 X X 0 0 0 0 0 0 0 X 0 0 0 0 0 0 X 0 0 0 0 X X X 0 0 0 0 0 0 0 0 0 X 0 0 0 X X 0 0 0 0 0 0 0 0 X 0 X X 0 0 0 0 0 0 0 0 0 0 0 X 0 0 0 0 X 0 0 X 0 X 0 0 0 0 0 X 0 X 0 X 0 0 0 X 0 0 0 0 X X 0 0 0 0 0 0 0 X 0 0 0 0 0 X 0 0 0 X X 0 0 0 0 0 X 0 0 X 0 0 0 0 0 0 X X 0 0 X 0 0 0 0 0 0 0 0 0 0 0 X 0 0 X 0 0 X 0 0 0 0 0 X 0 0 X X 0 0 0 0 0 X 0 0 0 0 X 0 X 0 0 0 0 0 X 0 X 0 0 X 0 0
X X X X X X X X X X X X X X X X X X X X X X X X X X X X X X X X X X X X X X X X X X X X X X X X X X X X X X X X X X X X X X X X X X X X X X X X X X X X X X X X X X X X X X X X X X X X X X X X X X X X X X X X X X X X X X X X X X X X X X X X X X X X X X X X X X X X X X X X X X X X X X X X X X X X X X X X X X X X X X X X X X X X X X X X X X X X X X X X X X X X X X X X X X X X X X X X X X X X X X S X
Camino encontrado: (1, 0) -> (1, 1) -> (1, 2) -> (1, 3) -> (1, 4) -> (2, 4) -> (3, 4) -> (4, 4) -> (5, 4) -> (6, 4) -> (6, 5) -> (6, 6) -> (6, 7) -> (6, 8) -> (6, 9) -> (6, 10) -> (6, 11) -> (6, 12) -> (6, 13) -> (5, 13) -> (4, 13) -> (3, 13) -> (2, 13) -> (2, 14) -> (2, 15) -> (2, 16) -> (2, 17) -> (3, 17) -> (3, 18) -> (3, 19) -> (3, 20) -> (2, 20) -> (1, 20) -> (1, 21) -> (1, 22) -> (2, 22) -> (3, 22) -> (4, 22) -> (5, 22) -> (5, 23) -> (6, 23) -> (7, 23) -> (8, 23) -> (8, 24) -> (8, 25) -> (8, 26) -> (8, 27) -> (8, 28) -> (8, 29) -> (8, 30) -> (8, 31) -> (8, 32) -> (8, 33) -> (8, 34) -> (8, 35) -> (8, 36) -> (8, 37) -> (8, 38) -> (7, 38) -> (6, 38) -> (5, 38) -> (4, 38) -> (3, 38) -> (2, 38) -> (2, 39) -> (1, 39) -> (1, 40) -> (1, 41) -> (2, 41) -> (3, 41) -> (4, 41) -> (4, 42) -> (3, 42) -> (2, 42) -> (2, 43) -> (1, 43) -> (1, 44) -> (1, 45) -> (1, 46) -> (1, 47) -> (1, 48) -> (1, 49) -> (1, 50) -> (1, 51) -> (1, 52) -> (1, 53) -> (2, 53) -> (3, 53) -> (4, 53) -> (5, 53) -> (6, 53) -> (7, 53) -> (7, 54) -> (7, 55) -> (7, 56) -> (7, 57) -> (7, 58) -> (6, 58) -> (5, 58) -> (4, 58) -> (3, 58) -> (3, 59) -> (3, 60) -> (3, 61) -> (3, 62) -> (2, 62) -> (1, 62) -> (1, 63) -> (1, 64) -> (2, 64) -> (2, 65) -> (2, 66) -> (3, 66) -> (3, 67) -> (3, 68) -> (3, 69) -> (3, 70) -> (3, 71) -> (3, 72) -> (3, 73) -> (3, 74) -> (3, 75) -> (4, 75) -> (5, 75) -> (6, 75) -> (7, 75) -> (8, 75) -> (9, 75) -> (10, 75) -> (11, 75) -> (12, 75) -> (12, 76) -> (11, 76) -> (10, 76) -> (9, 76) -> (8, 76) -> (7, 76) -> (6, 76) -> (5, 76) -> (5, 77) -> (5, 78) -> (5, 79) -> (5, 80) -> (5, 81) -> (5, 82) -> (5, 83) -> (6, 83) -> (7, 83) -> (7, 84) -> (7, 85) -> (7, 86) -> (7, 87) -> (7, 88) -> (7, 89) -> (7, 90) -> (7, 91) -> (7, 92) -> (8, 92) -> (8, 91) -> (8, 90) -> (8, 89) -> (8, 88) -> (8, 87) -> (8, 86) -> (9, 86) -> (10, 86) -> (10, 87) -> (11, 87) -> (12, 87) -> (13, 87) -> (14, 87) -> (15, 87) -> (16, 87) -> (16, 88) -> (16, 89) -> (16, 90) -> (16, 91) -> (16, 92) -> (16, 93) -> (16, 94) -> (16, 95) -> (16, 96) -> (16, 97) -> (16, 98) -> (16, 99) -> (16, 100) -> (15, 100) -> (14, 100) -> (13, 100) -> (13, 101) -> (12, 101) -> (11, 101) -> (10, 101) -> (9, 101) -> (8, 101) -> (7, 101) -> (6, 101) -> (5, 101) -> (5, 100) -> (5, 99) -> (5, 98) -> (5, 97) -> (5, 96) -> (4, 96) -> (3, 96) -> (2, 96) -> (1, 96) -> (1, 97) -> (1, 98) -> (1, 99) -> (1, 100) -> (1, 101) -> (2, 101) -> (3, 101) -> (3, 102) -> (3, 103) -> (3, 104) -> (3, 105) -> (3, 106) -> (3, 107) -> (3, 108) -> (3, 109) -> (3, 110) -> (3, 111) -> (3, 112) -> (2, 112) -> (1, 112) -> (1, 113) -> (1, 114) -> (1, 115) -> (1, 116) -> (1, 117) -> (1, 118) -> (1, 119) -> (1, 120) -> (1, 121) -> (1, 122) -> (2, 122) -> (3, 122) -> (3, 123) -> (3, 124) -> (3, 125) -> (4, 125) -> (5, 125) -> (5, 124) -> (5, 123) -> (5, 122) -> (5, 121) -> (5, 120) -> (5, 119) -> (5, 118) -> (6, 118) -> (7, 118) -> (7, 119) -> (6, 119) -> (6, 120) -> (6, 121) -> (6, 122) -> (6, 123) -> (6, 124) -> (7, 124) -> (8, 124) -> (8, 125) -> (8, 126) -> (8, 127) -> (7, 127) -> (6, 127) -> (5, 127) -> (5, 128) -> (5, 129) -> (5, 130) -> (5, 131) -> (5, 132) -> (4, 132) -> (3, 132) -> (3, 131) -> (3, 130) -> (3, 129) -> (2, 129) -> (2, 130) -> (2, 131) -> (1, 131) -> (1, 132) -> (1, 133) -> (2, 133) -> (3, 133) -> (4, 133) -> (4, 134) -> (4, 135) -> (4, 136) -> (4, 137) -> (4, 138) -> (4, 139) -> (4, 140) -> (4, 141) -> (3, 141) -> (2, 141) -> (2, 142) -> (2, 143) -> (3, 143) -> (4, 143) -> (5, 143) -> (6, 143) -> (7, 143) -> (8, 143) -> (8, 142) -> (9, 142) -> (10, 142) -> (11, 142) -> (12, 142) -> (13, 142) -> (13, 141) -> (13, 140) -> (13, 139) -> (13, 138) -> (14, 138) -> (15, 138) -> (16, 138) -> (17, 138) -> (18, 138) -> (19, 138) -> (20, 138) -> (21, 138) -> (22, 138) -> (22, 137) -> (22, 136) -> (22, 135) -> (22, 134) -> (22, 133) -> (23, 133) -> (24, 133) -> (24, 134) -> (24, 135) -> (24, 136) -> (24, 137) -> (24, 138) -> (24, 139) -> (24, 140) -> (24, 141) -> (24, 142) -> (24, 143) -> (23, 143) -> (22, 143) -> (21, 143) -> (20, 143) -> (19, 143) -> (18, 143) -> (17, 143) -> (16, 143) -> (15, 143) -> (14, 143) -> (14, 144) -> (14, 145) -> (14, 146) -> (14, 147) -> (14, 148) -> (14, 149) -> (14, 150) -> (14, 151) -> (15, 151) -> (16, 151) -> (17, 151) -> (18, 151) -> (18, 150) -> (18, 149) -> (18, 148) -> (18, 147) -> (18, 146) -> (18, 145) -> (19, 145) -> (19, 146) -> (19, 147) -> (20, 147) -> (21, 147) -> (21, 146) -> (21, 145) -> (21, 144) -> (22, 144) -> (23, 144) -> (23, 145) -> (23, 146) -> (23, 147) -> (23, 148) -> (23, 149) -> (22, 149) -> (21, 149) -> (21, 150) -> (21, 151) -> (22, 151) -> (23, 151) -> (24, 151) -> (25, 151) -> (26, 151) -> (27, 151) -> (28, 151) -> (29, 151) -> (30, 151) -> (31, 151) -> (32, 151) -> (33, 151) -> (34, 151) -> (35, 151) -> (36, 151) -> (37, 151) -> (38, 151) -> (39, 151) -> (40, 151) -> (41, 151) -> (42, 151) -> (43, 151) -> (44, 151) -> (45, 151) -> (46, 151) -> (47, 151) -> (48, 151) -> (49, 151) -> (50, 151) -> (50, 152) -> (50, 153) -> (50, 154) -> (50, 155) -> (50, 156) -> (50, 157) -> (50, 158) -> (50, 159) -> (50, 160) -> (50, 161) -> (50, 162) -> (50, 163) -> (51, 163) -> (52, 163) -> (53, 163) -> (54, 163) -> (55, 163) -> (55, 164) -> (54, 164) -> (53, 164) -> (52, 164) -> (51, 164) -> (51, 165) -> (52, 165) -> (53, 165) -> (54, 165) -> (54, 166) -> (54, 167) -> (54, 168) -> (53, 168) -> (53, 169) -> (53, 170) -> (52, 170) -> (52, 171) -> (51, 171) -> (50, 171) -> (49, 171) -> (48, 171) -> (47, 171) -> (46, 171) -> (46, 170) -> (46, 169) -> (46, 168) -> (46, 167) -> (46, 166) -> (47, 166) -> (48, 166) -> (48, 165) -> (48, 164) -> (47, 164) -> (46, 164) -> (45, 164) -> (44, 164) -> (43, 164) -> (42, 164) -> (42, 163) -> (43, 163) -> (44, 163) -> (45, 163) -> (46, 163) -> (46, 162) -> (47, 162) -> (48, 162) -> (49, 162) -> (49, 161) -> (49, 160) -> (49, 159) -> (49, 158) -> (48, 158) -> (47, 158) -> (46, 158) -> (45, 158) -> (44, 158) -> (43, 158) -> (43, 159) -> (43, 160) -> (43, 161) -> (42, 161) -> (41, 161) -> (40, 161) -> (40, 160) -> (40, 159) -> (40, 158) -> (40, 157) -> (40, 156) -> (39, 156) -> (38, 156) -> (37, 156) -> (36, 156) -> (35, 156) -> (34, 156) -> (33, 156) -> (32, 156) -> (31, 156) -> (30, 156) -> (29, 156) -> (28, 156) -> (27, 156) -> (27, 155) -> (27, 154) -> (28, 154) -> (29, 154) -> (30, 154) -> (30, 155) -> (31, 155) -> (32, 155) -> (33, 155) -> (33, 154) -> (33, 153) -> (32, 153) -> (31, 153) -> (30, 153) -> (29, 153) -> (28, 153) -> (28, 152) -> (27, 152) -> (26, 152) -> (25, 152) -> (24, 152) -> (23, 152) -> (23, 153) -> (22, 153) -> (21, 153) -> (20, 153) -> (20, 154) -> (20, 155) -> (21, 155) -> (22, 155) -> (23, 155) -> (24, 155) -> (25, 155) -> (25, 156) -> (25, 157) -> (25, 158) -> (25, 159) -> (24, 159) -> (23, 159) -> (23, 158) -> (22, 158) -> (21, 158) -> (20, 158) -> (19, 158) -> (18, 158) -> (17, 158) -> (17, 159) -> (17, 160) -> (17, 161) -> (18, 161) -> (19, 161) -> (20, 161) -> (21, 161) -> (22, 161) -> (23, 161) -> (24, 161) -> (25, 161) -> (26, 161) -> (26, 162) -> (26, 163) -> (26, 164) -> (26, 165) -> (26, 166) -> (25, 166) -> (24, 166) -> (24, 167) -> (24, 168) -> (24, 169) -> (23, 169) -> (22, 169) -> (22, 170) -> (22, 171) -> (22, 172) -> (21, 172) -> (20, 172) -> (19, 172) -> (18, 172) -> (17, 172) -> (16, 172) -> (15, 172) -> (14, 172) -> (14, 171) -> (14, 170) -> (14, 169) -> (14, 168) -> (14, 167) -> (14, 166) -> (14, 165) -> (14, 164) -> (14, 163) -> (14, 162) -> (14, 161) -> (15, 161) -> (15, 160) -> (15, 159) -> (15, 158) -> (15, 157) -> (15, 156) -> (15, 155) -> (15, 154) -> (15, 153) -> (14, 153) -> (14, 154) -> (14, 155) -> (14, 156) -> (13, 156) -> (12, 156) -> (11, 156) -> (11, 155) -> (11, 154) -> (11, 153) -> (11, 152) -> (11, 151) -> (11, 150) -> (11, 149) -> (11, 148) -> (10, 148) -> (9, 148) -> (9, 147) -> (8, 147) -> (8, 146) -> (8, 145) -> (7, 145) -> (6, 145) -> (5, 145) -> (4, 145) -> (4, 146) -> (4, 147) -> (4, 148) -> (5, 148) -> (6, 148) -> (7, 148) -> (7, 149) -> (7, 150) -> (7, 151) -> (7, 152) -> (7, 153) -> (6, 153) -> (5, 153) -> (4, 153) -> (4, 154) -> (3, 154) -> (2, 154) -> (1, 154) -> (1, 155) -> (1, 156) -> (1, 157) -> (2, 157) -> (3, 157) -> (4, 157) -> (5, 157) -> (6, 157) -> (7, 157) -> (8, 157) -> (9, 157) -> (10, 157) -> (10, 158) -> (10, 159) -> (10, 160) -> (10, 161) -> (10, 162) -> (10, 163) -> (10, 164) -> (9, 164) -> (8, 164) -> (7, 164) -> (6, 164) -> (5, 164) -> (4, 164) -> (3, 164) -> (2, 164) -> (1, 164) -> (1, 165) -> (1, 166) -> (1, 167) -> (1, 168) -> (1, 169) -> (1, 170) -> (1, 171) -> (1, 172) -> (1, 173) -> (1, 174) -> (2, 174) -> (3, 174) -> (3, 175) -> (3, 176) -> (3, 177) -> (2, 177) -> (1, 177) -> (1, 178) -> (1, 179) -> (1, 180) -> (1, 181) -> (1, 182) -> (1, 183) -> (1, 184) -> (1, 185) -> (1, 186) -> (1, 187) -> (1, 188) -> (1, 189) -> (2, 189) -> (2, 188) -> (2, 187) -> (2, 186) -> (2, 185) -> (3, 185) -> (4, 185) -> (5, 185) -> (5, 186) -> (5, 187) -> (5, 188) -> (5, 189) -> (4, 189) -> (4, 190) -> (4, 191) -> (4, 192) -> (3, 192) -> (2, 192) -> (1, 192) -> (1, 193) -> (1, 194) -> (1, 195) -> (1, 196) -> (2, 196) -> (2, 197) -> (2, 198) -> (3, 198) -> (4, 198) -> (5, 198) -> (6, 198) -> (7, 198) -> (8, 198) -> (9, 198) -> (10, 198) -> (11, 198) -> (12, 198) -> (13, 198) -> (14, 198) -> (15, 198) -> (16, 198) -> (16, 197) -> (17, 197) -> (18, 197) -> (19, 197) -> (20, 197) -> (20, 196) -> (20, 195) -> (20, 194) -> (20, 193) -> (20, 192) -> (21, 192) -> (22, 192) -> (23, 192) -> (24, 192) -> (25, 192) -> (26, 192) -> (27, 192) -> (28, 192) -> (29, 192) -> (30, 192) -> (31, 192) -> (32, 192) -> (33, 192) -> (33, 191) -> (33, 190) -> (33, 189) -> (33, 188) -> (33, 187) -> (33, 186) -> (34, 186) -> (35, 186) -> (36, 186) -> (37, 186) -> (38, 186) -> (39, 186) -> (40, 186) -> (40, 187) -> (40, 188) -> (40, 189) -> (40, 190) -> (40, 191) -> (40, 192) -> (39, 192) -> (38, 192) -> (37, 192) -> (36, 192) -> (35, 192) -> (35, 193) -> (35, 194) -> (35, 195) -> (36, 195) -> (37, 195) -> (38, 195) -> (39, 195) -> (40, 195) -> (41, 195) -> (42, 195) -> (43, 195) -> (44, 195) -> (45, 195) -> (46, 195) -> (46, 196) -> (46, 197) -> (47, 197) -> (48, 197) -> (49, 197) -> (50, 197) -> (51, 197) -> (52, 197) -> (53, 197) -> (54, 197) -> (55, 197) -> (56, 197) -> (57, 197) -> (57, 198) -> (58, 198) -> (59, 198) -> (60, 198) -> (61, 198) -> (62, 198) -> (63, 198) -> (63, 197) -> (62, 197) -> (61, 197) -> (61, 196) -> (61, 195) -> (61, 194) -> (61, 193) -> (61, 192) -> (61, 191) -> (61, 190) -> (61, 189) -> (61, 188) -> (61, 187) -> (61, 186) -> (61, 185) -> (61, 184) -> (61, 183) -> (61, 182) -> (61, 181) -> (61, 180) -> (61, 179) -> (60, 179) -> (59, 179) -> (58, 179) -> (58, 178) -> (58, 177) -> (57, 177) -> (56, 177) -> (55, 177) -> (54, 177) -> (53, 177) -> (53, 176) -> (54, 176) -> (55, 176) -> (56, 176) -> (57, 176) -> (57, 175) -> (57, 174) -> (57, 173) -> (58, 173) -> (59, 173) -> (60, 173) -> (61, 173) -> (62, 173) -> (63, 173) -> (64, 173) -> (65, 173) -> (66, 173) -> (67, 173) -> (67, 174) -> (66, 174) -> (65, 174) -> (64, 174) -> (63, 174) -> (62, 174) -> (61, 174) -> (60, 174) -> (60, 175) -> (61, 175) -> (61, 176) -> (61, 177) -> (62, 177) -> (63, 177) -> (64, 177) -> (64, 178) -> (63, 178) -> (63, 179) -> (63, 180) -> (63, 181) -> (63, 182) -> (63, 183) -> (63, 184) -> (63, 185) -> (63, 186) -> (63, 187) -> (63, 188) -> (64, 188) -> (65, 188) -> (66, 188) -> (67, 188) -> (67, 189) -> (67, 190) -> (66, 190) -> (66, 189) -> (65, 189) -> (64, 189) -> (64, 190) -> (64, 191) -> (64, 192) -> (64, 193) -> (64, 194) -> (64, 195) -> (65, 195) -> (65, 196) -> (65, 197) -> (66, 197) -> (66, 198) -> (67, 198) -> (68, 198) -> (69, 198) -> (70, 198) -> (71, 198) -> (71, 197) -> (71, 196) -> (71, 195) -> (72, 195) -> (73, 195) -> (74, 195) -> (75, 195) -> (76, 195) -> (77, 195) -> (78, 195) -> (79, 195) -> (80, 195) -> (81, 195) -> (82, 195) -> (82, 196) -> (83, 196) -> (84, 196) -> (85, 196) -> (85, 197) -> (86, 197) -> (87, 197) -> (88, 197) -> (88, 198) -> (89, 198) -> (90, 198) -> (91, 198) -> (92, 198) -> (93, 198) -> (94, 198) -> (95, 198) -> (96, 198) -> (96, 197) -> (96, 196) -> (95, 196) -> (94, 196) -> (93, 196) -> (92, 196) -> (91, 196) -> (90, 196) -> (90, 195) -> (90, 194) -> (90, 193) -> (91, 193) -> (92, 193) -> (93, 193) -> (93, 192) -> (94, 192) -> (95, 192) -> (96, 192) -> (97, 192) -> (98, 192) -> (99, 192) -> (100, 192) -> (101, 192) -> (102, 192) -> (103, 192) -> (103, 193) -> (102, 193) -> (101, 193) -> (100, 193) -> (99, 193) -> (98, 193) -> (98, 194) -> (99, 194) -> (100, 194) -> (100, 195) -> (100, 196) -> (100, 197) -> (101, 197) -> (101, 196) -> (102, 196) -> (103, 196) -> (103, 197) -> (104, 197) -> (105, 197) -> (106, 197) -> (107, 197) -> (108, 197) -> (109, 197) -> (109, 196) -> (109, 195) -> (108, 195) -> (107, 195) -> (107, 194) -> (108, 194) -> (108, 193) -> (109, 193) -> (110, 193) -> (111, 193) -> (112, 193) -> (113, 193) -> (114, 193) -> (115, 193) -> (116, 193) -> (117, 193) -> (117, 194) -> (116, 194) -> (115, 194) -> (115, 195) -> (114, 195) -> (113, 195) -> (112, 195) -> (112, 196) -> (112, 197) -> (113, 197) -> (114, 197) -> (115, 197) -> (116, 197) -> (117, 197) -> (117, 198) -> (118, 198) -> (119, 198) -> (120, 198) -> (121, 198) -> (122, 198) -> (123, 198) -> (123, 197) -> (123, 196) -> (123, 195) -> (123, 194) -> (123, 193) -> (123, 192) -> (123, 191) -> (123, 190) -> (123, 189) -> (123, 188) -> (123, 187) -> (124, 187) -> (125, 187) -> (126, 187) -> (127, 187) -> (128, 187) -> (129, 187) -> (130, 187) -> (130, 188) -> (130, 189) -> (130, 190) -> (130, 191) -> (130, 192) -> (129, 192) -> (128, 192) -> (128, 191) -> (128, 190) -> (127, 190) -> (126, 190) -> (125, 190) -> (125, 191) -> (125, 192) -> (125, 193) -> (125, 194) -> (125, 195) -> (125, 196) -> (125, 197) -> (126, 197) -> (127, 197) -> (128, 197) -> (129, 197) -> (129, 198) -> (130, 198) -> (131, 198) -> (132, 198) -> (133, 198) -> (134, 198) -> (135, 198) -> (136, 198) -> (137, 198) -> (137, 197) -> (137, 196) -> (137, 195) -> (137, 194) -> (137, 193) -> (137, 192) -> (137, 191) -> (137, 190) -> (137, 189) -> (137, 188) -> (137, 187) -> (137, 186) -> (137, 185) -> (137, 184) -> (138, 184) -> (139, 184) -> (140, 184) -> (140, 185) -> (141, 185) -> (142, 185) -> (143, 185) -> (144, 185) -> (145, 185) -> (145, 184) -> (145, 183) -> (145, 182) -> (145, 181) -> (145, 180) -> (145, 179) -> (146, 179) -> (146, 180) -> (147, 180) -> (148, 180) -> (148, 181) -> (148, 182) -> (147, 182) -> (146, 182) -> (146, 183) -> (146, 184) -> (147, 184) -> (148, 184) -> (148, 185) -> (148, 186) -> (147, 186) -> (146, 186) -> (146, 187) -> (147, 187) -> (147, 188) -> (147, 189) -> (147, 190) -> (147, 191) -> (147, 192) -> (147, 193) -> (146, 193) -> (145, 193) -> (144, 193) -> (143, 193) -> (142, 193) -> (141, 193) -> (140, 193) -> (140, 194) -> (139, 194) -> (139, 195) -> (139, 196) -> (139, 197) -> (139, 198) -> (140, 198) -> (140, 197) -> (140, 196) -> (141, 196) -> (142, 196) -> (143, 196) -> (143, 195) -> (143, 194) -> (144, 194) -> (145, 194) -> (146, 194) -> (146, 195) -> (146, 196) -> (146, 197) -> (146, 198) -> (147, 198) -> (148, 198) -> (149, 198) -> (150, 198) -> (151, 198) -> (151, 197) -> (151, 196) -> (151, 195) -> (151, 194) -> (151, 193) -> (152, 193) -> (153, 193) -> (154, 193) -> (155, 193) -> (156, 193) -> (156, 194) -> (156, 195) -> (156, 196) -> (156, 197) -> (156, 198) -> (157, 198) -> (158, 198) -> (159, 198) -> (160, 198) -> (161, 198) -> (161, 197) -> (161, 196) -> (162, 196) -> (163, 196) -> (164, 196) -> (165, 196) -> (166, 196) -> (167, 196) -> (168, 196) -> (169, 196) -> (170, 196) -> (171, 196) -> (171, 197) -> (171, 198) -> (172, 198) -> (173, 198) -> (174, 198) -> (174, 197) -> (174, 196) -> (175, 196) -> (176, 196) -> (177, 196) -> (178, 196) -> (179, 196) -> (180, 196) -> (181, 196) -> (182, 196) -> (183, 196) -> (184, 196) -> (185, 196) -> (186, 196) -> (187, 196) -> (187, 197) -> (187, 198) -> (188, 198) -> (189, 198) -> (190, 198) -> (190, 197) -> (190, 196) -> (190, 195) -> (190, 194) -> (190, 193) -> (189, 193) -> (189, 192) -> (188, 192) -> (188, 191) -> (188, 190) -> (189, 190) -> (190, 190) -> (191, 190) -> (191, 191) -> (192, 191) -> (193, 191) -> (194, 191) -> (195, 191) -> (196, 191) -> (197, 191) -> (197, 192) -> (196, 192) -> (195, 192) -> (194, 192) -> (193, 192) -> (192, 192) -> (192, 193) -> (192, 194) -> (192, 195) -> (192, 196) -> (193, 196) -> (194, 196) -> (195, 196) -> (196, 196) -> (197, 196) -> (197, 197) -> (197, 198) -> (198, 198) -> (199, 198)
Tiempo de ejecución: 62.5122 milisegundos
